0.0001 0.389488926362
 0.300099 0.264198438238
 0.600098 0.144462372461
 0.9000969999999999 0.0879193820227
 1.200096 0.0617391260702
 1.5000950000000002 0.0460798151899
 1.8000939999999999 0.0358737477325
 2.100093 0.0285723551706
 2.4000920000000003 0.0232243875712
 2.700091 0.0190112170251
 3.0000900000000006 0.0157461445428
 3.3000890000000003 0.0130502176456
 3.600088 0.0107947888475
 3.9000870000000005 0.00892323098335
 4.200086 0.00730880399032
 4.5000849999999994 0.00593239980648
 4.800084 0.00471328803795
 5.100083000000001 0.00365423413255
 5.400081999999999 0.00271051059671
 5.700081 0.00187163934918
 6.0000800000000005 0.00111757151337
 6.300078999999999 0.000433993736828
 6.600078 -0.000179350151194
 6.9000770000000005 -0.000743265347071
 7.200075999999999 -0.00125530034963
 7.500075 -0.00172885506113
 7.800074 -0.00216253070726
 8.100073 -0.00256587563259
 8.400072 -0.00293868393513
 8.700071 -0.0032848411806
 9.00007 -0.00360712105558
 9.300069 -0.00390899740228
 9.600068 -0.00419150558214
 9.900067 -0.00445620313309
 10.200066000000001 -0.00470517530483
 10.500065000000001 -0.00493928400779
 10.800063999999999 -0.00515977380242
 11.100063 -0.0053680066891
 11.400062 -0.0055653726147
 11.700061 -0.00575188461187
 12.000060000000001 -0.0059287333041
 12.300059000000001 -0.0060974506356
 12.600057999999999 -0.00625783922339
 12.900057 -0.00641039968947
 13.200056 -0.00655575240042
 13.500055 -0.00669485153632
 13.800054000000001 -0.00682766994193
 14.100053 -0.00695470611683
 14.400051999999999 -0.00707632247796
 14.700051 -0.00719273244172
 15.00005 -0.00730453687253
 15.300049 -0.00741179875681
 15.600048000000001 -0.00751453595239
 15.900047 -0.00761360648056
 16.200046 -0.00770906298528
 16.500045 -0.00780055969462
 16.800044 -0.00788909289103
 17.100043000000003 -0.00797427989268
 17.400042 -0.00805638264055
 17.700041 -0.00813581224949
 18.00004 -0.0082123740328
 18.300038999999998 -0.00828656069965
 18.600038 -0.00835799569834
 18.900037 -0.0084272465414
 19.200036 -0.00849420120388
 19.500035 -0.00855925663318
 19.800034 -0.0086221453366
 20.100033 -0.00868319226861
 20.400032000000003 -0.00874233924136
 20.700031000000003 -0.00879979149723
 21.000030000000002 -0.00885551193985
 21.300029 -0.00890963938407
 21.600028 -0.00896224782078
 21.900026999999998 -0.00901336489769
 22.200026 -0.00906302281282
 22.500025 -0.00911135795921
 22.800024 -0.00915827525428
 23.100023 -0.00920412951499
 23.400022 -0.0092487073563
 23.700021 -0.00929217402827
 24.000020000000003 -0.00933449252224
 24.300019000000002 -0.00937570036446
 24.600018000000002 -0.00941590353474
 24.900017000000002 -0.00945519308862
 25.200015999999998 -0.00949345685808
 25.500014999999998 -0.00953081968892
 25.800014 -0.00956728768211
 26.100013 -0.00960290133754
 26.400012 -0.00963768202118
 26.700011 -0.00967169919669
 27.00001 -0.00970490211021
 27.300009 -0.00973739769265
 27.600008000000003 -0.00976911591242
 27.900007000000002 -0.00980019197574
 28.200006000000002 -0.00983057901191
 28.500005 -0.00986028358255
 28.800003999999998 -0.00988938767085
 29.100003 -0.00991791401335
 29.400002 -0.0099458704903
 29.700001 -0.00997319297655
