0.0 0.002634605002512556 0.0008107303510325867
0.005 0.0026346027011390264 0.0008107287702548503
0.01 0.002634595797024653 0.00081072402792591
0.015 0.002634584290188076 0.0008107161240585701
0.02 0.0026345681806603637 0.0008107050586741703
0.025 0.0026345474684850126 0.0008106908318025878
0.03 0.0026345221537179436 0.0008106734434822344
0.035 0.0026344922364275078 0.0008106528937600586
0.04 0.002634457716694479 0.000810629182691543
0.045 0.0026344185946120605 0.0008106023103407075
0.05 0.0026343748702858786 0.0008105722767801052
0.055 0.0026343265438339854 0.0008105390820908243
0.06 0.0026342736153868594 0.000810502726362488
0.065 0.0026342160850874 0.0008104632096932524
0.07 0.0026341539530909328 0.0008104205321898079
0.075 0.002634087219565205 0.000810374693967377
0.08 0.0026340158846903843 0.0008103256951497152
0.085 0.0026339399486590624 0.0008102735358691097
0.09 0.002633859411676249 0.0008102182162663791
0.095 0.0026337742739593745 0.0008101597364908723
0.1 0.0026336845357382856 0.0008100980967004683
0.105 0.002633590197255249 0.0008100332970615757
0.11 0.0026334912587649465 0.0008099653377491317
0.115 0.002633387720534475 0.0008098942189466008
0.12 0.002633279582843344 0.0008098199408459739
0.125 0.002633166845983477 0.000809742503647769
0.13 0.0026330495102592096 0.0008096619075610291
0.135 0.002632927575987285 0.0008095781528033204
0.14 0.002632801043496858 0.0008094912396007339
0.145 0.0026326699131294863 0.0008094011681878807
0.15 0.002632534185239138 0.0008093079388078956
0.155 0.0026323938601921803 0.000809211551712431
0.16 0.0026322489383673858 0.0008091120071616595
0.165 0.002632099420155927 0.0008090093054242715
0.17 0.0026319453059613753 0.0008089034467774739
0.175 0.0026317865961996982 0.0008087944315069886
0.18 0.0026316232912992586 0.0008086822599070515
0.185 0.0026314553917008137 0.0008085669322804113
0.19 0.0026312828978575097 0.0008084484489383273
0.195 0.0026311058102348847 0.0008083268102005707
0.2 0.0026309241293108613 0.0008082020163954189
0.205 0.0026307378555757493 0.000808074067859658
0.21 0.0026305469895322392 0.0008079429649385784
0.215 0.0026303515316954034 0.0008078087079859753
0.22 0.0026301514825926905 0.0008076712973641451
0.225 0.0026299468427639283 0.0008075307334438869
0.23 0.002629737612761315 0.0008073870166044968
0.235 0.0026295237931494193 0.0008072401472337691
0.24 0.0026293053845051805 0.0008070901257279941
0.245 0.002629082387417903 0.0008069369524919555
0.25 0.002628854802489253 0.0008067806279389287
0.255 0.002628622630333258 0.0008066211524906797
0.26 0.0026283858715763033 0.0008064585265774626
0.265 0.002628144526857128 0.0008062927506380178
0.27 0.0026278985968268245 0.0008061238251195703
0.275 0.0026276480821488322 0.0008059517504778262
0.28 0.0026273929834989395 0.0008057765271769742
0.285 0.002627133301565274 0.0008055981556896784
0.29 0.002626869037048306 0.0008054166364970812
0.295 0.0026266001906608424 0.0008052319700887984
0.3 0.002626326763128022 0.0008050441569629166
0.305 0.002626048755187315 0.0008048531976259924
0.31 0.002625766167588518 0.00080465909259305
0.315 0.002625479001093752 0.0008044618423875777
0.32 0.0026251872564774566 0.0008042614475415267
0.325 0.00262489093452639 0.0008040579085953086
0.33 0.0026245900360396227 0.0008038512260977929
0.335 0.002624284561828533 0.0008036414006063026
0.34 0.002623974512716809 0.0008034284326866158
0.345 0.0026236598895404365 0.0008032123229129589
0.35 0.0026233406931477033 0.0008029930718680074
0.355 0.0026230169243991897 0.0008027706801428802
0.36 0.0026226885841677686 0.0008025451483371402
0.365 0.0026223556733385974 0.0008023164770587885
0.37 0.0026220181928091175 0.0008020846669242636
0.375 0.0026216761434890495 0.0008018497185584384
0.38 0.0026213295263003886 0.0008016116325946175
0.385 0.0026209783421774005 0.0008013704096745326
0.39 0.0026206225920666166 0.0008011260504483422
0.395 0.0026202622769268312 0.000800878555574627
0.4 0.002619897397729097 0.0008006279257203879
0.405 0.0026195279554567185 0.0008003741615610414
0.41 0.00261915395110525 0.0008001172637804189
0.415 0.0026187753856824923 0.0007998572330707621
0.42 0.002618392260208482 0.0007995940701327193
0.425 0.0026180045757154963 0.0007993277756753451
0.43 0.0026176123332480386 0.0007990583504160928
0.435 0.0026172155338628415 0.0007987857950808156
0.44 0.0026168141786288577 0.0007985101104037605
0.445 0.0026164082686272565 0.0007982312971275658
0.45 0.0026159978049514203 0.0007979493560032594
0.455 0.0026155827887069365 0.0007976642877902513
0.46 0.002615163221011595 0.0007973760932563349
0.465 0.0026147391029953835 0.0007970847731776804
0.47 0.0026143104358004802 0.0007967903283388329
0.475 0.0026138772205812513 0.000796492759532708
0.48 0.0026134394585042423 0.0007961920675605885
0.485 0.0026129971507481775 0.000795888253232121
0.49 0.0026125502985039515 0.0007955813173653128
0.495 0.0026120989029746215 0.0007952712607865256
0.5 0.0026116429653754106 0.0007949580843304765
0.505 0.002611182486933692 0.0007946417888402297
0.51 0.002610717468888989 0.0007943223751671946
0.515 0.0026102479124929705 0.0007939998441711225
0.52 0.0026097738190094416 0.0007936741967201018
0.525 0.0026092951897143408 0.000793345433690555
0.53 0.0026088120258957325 0.0007930135559672338
0.535 0.002608324328853803 0.0007926785644432152
0.54 0.0026078320999008524 0.0007923404600198983
0.545 0.002607335340361292 0.0007919992436070002
0.55 0.002606834051571634 0.0007916549161225509
0.555 0.0026063282348804894 0.0007913074784928902
0.56 0.0026058178916485595 0.0007909569316526627
0.565 0.002605303023248632 0.0007906032765448147
0.57 0.002604783631065571 0.0007902465141205883
0.575 0.0026042597164963183 0.0007898866453395205
0.58 0.002603731280949876 0.0007895236711694335
0.585 0.002603198325847311 0.0007891575925864357
0.59 0.002602660852621741 0.0007887884105749139
0.595 0.002602118862718334 0.000788416126127531
0.6 0.0026015723575942965 0.0007880407402452199
0.605 0.0026010213387188705 0.0007876622539371797
0.61 0.0026004658075733256 0.000787280668220872
0.615 0.0025999057656509524 0.0007868959841220146
0.62 0.0025993412144570557 0.0007865082026745781
0.625 0.0025987721555089487 0.0007861173249207815
0.63 0.002598198590335946 0.0007857233519110869
0.635 0.002597620520479354 0.0007853262847041939
0.64 0.002597037947492469 0.0007849261243670376
0.645 0.0025964508729405663 0.0007845228719747812
0.65 0.002595859298400893 0.0007841165286108115
0.655 0.0025952632254626655 0.0007837070953667363
0.66 0.0025946626557270557 0.0007832945733423762
0.665 0.0025940575908071917 0.0007828789636457629
0.67 0.0025934480323281405 0.0007824602673931307
0.675 0.002592833981926912 0.0007820384857089157
0.68 0.0025922154412524436 0.0007816136197257473
0.685 0.002591592411965595 0.0007811856705844446
0.69 0.002590964895739141 0.0007807546394340106
0.695 0.0025903328942577667 0.000780320527431629
0.7 0.002589696409218054 0.0007798833357426559
0.705 0.0025890554423284784 0.0007794430655406167
0.71 0.002588409995309403 0.0007789997180072014
0.715 0.0025877600698930646 0.0007785532943322573
0.72 0.0025871056678235718 0.0007781037957137852
0.725 0.002586446790856894 0.000777651223357933
0.73 0.0025857834407608544 0.0007771955784789914
0.735 0.002585115619315122 0.0007767368622993873
0.74 0.0025844433283112042 0.0007762750760496793
0.745 0.0025837665695524403 0.0007758102209685528
0.75 0.002583085344853987 0.0007753422983028115
0.755 0.00258239965604282 0.0007748713093073755
0.76 0.002581709504957715 0.0007743972552452727
0.765 0.0025810148934492516 0.0007739201373876364
0.77 0.0025803158233797933 0.0007734399570136954
0.775 0.002579612296623487 0.0007729567154107723
0.78 0.0025789043150662517 0.0007724704138742754
0.785 0.0025781918806057685 0.0007719810537076928
0.79 0.0025774749951514788 0.0007714886362225894
0.795 0.002576753207850739 0.0007709955828978744
0.8 0.0025760214616545644 0.0007705289362488338
0.805 0.0025752852337323907 0.000770059431529016
0.81 0.0025745445260566694 0.0007695870699962864
0.815 0.002573799340611662 0.000769111852916041
0.82 0.0025730496793934295 0.0007686337815612011
0.825 0.002572295544409824 0.0007681528572122074
0.83 0.0025715369376804785 0.0007676690811570131
0.835 0.0025707738612368016 0.0007671824546910807
0.84 0.0025700063171219616 0.000766692979117373
0.845 0.0025692343073908845 0.0007662006557463499
0.85 0.0025684578341102424 0.0007657054858959625
0.855 0.0025676768993584415 0.0007652074708916446
0.86 0.0025668915052256156 0.0007647066120663095
0.865 0.0025661016538136186 0.0007642029107603437
0.87 0.0025653073472360092 0.0007636963683215988
0.875 0.0025645085876180467 0.0007631869861053879
0.88 0.0025637053770966815 0.0007626747654744796
0.885 0.0025628977178205406 0.0007621597077990885
0.89 0.0025620856119499243 0.0007616418144568744
0.895 0.002561269061656792 0.000761121086832931
0.9 0.0025604480691247553 0.0007605975263197842
0.905 0.002559622636549066 0.000760071134317382
0.91 0.0025587927661366076 0.0007595419122330907
0.915 0.0025579584601058856 0.0007590098614816877
0.92 0.0025571197206870184 0.0007584749834853564
0.925 0.0025562765501217243 0.0007579372796736781
0.93 0.0025554289506633143 0.0007573967514836257
0.935 0.002554576924576682 0.00075685340035956
0.94 0.0025537204741382918 0.0007563072277532195
0.945 0.002552859601636169 0.0007557582351237163
0.95 0.002551994309369894 0.0007552064239375303
0.955 0.0025511245996505836 0.0007546517956684991
0.96 0.0025502504748008896 0.0007540943517978163
0.965 0.0025493719371549807 0.0007535340938140197
0.97 0.0025484889890585393 0.00075297102321299
0.975 0.0025476016328687444 0.000752405141497939
0.98 0.0025467098709542673 0.0007518364501794074
0.985 0.002545813705695256 0.0007512649507752554
0.99 0.002544913139483328 0.0007506906448106561
0.995 0.0025440081747215553 0.0007501135338180897
1.0 0.002543098813824462 0.0007495336193373369
1.005 0.0025421850592180027 0.0007489509029154696
1.01 0.0025412669133395615 0.0007483653861068481
1.015 0.0025403443786379356 0.0007477770704731101
1.02 0.002539417457573324 0.000747185957583166
1.025 0.0025384861526173206 0.0007465920490131921
1.03 0.0025375504662529 0.0007459953463466217
1.035 0.002536610400974409 0.0007453958511741415
1.04 0.002535665959287551 0.0007447935650936799
1.045 0.0025347171437093813 0.0007441884897104046
1.05 0.002533763956768289 0.0007435806266367109
1.055 0.0025328064010039916 0.0007429699774922192
1.06 0.0025318444789675203 0.000742356543903764
1.065 0.0025308781932212106 0.0007417403275053892
1.07 0.002529907546338689 0.0007411213299383386
1.075 0.0025289325409048632 0.0007404995528510508
1.08 0.0025279531795159103 0.0007398749978991507
1.085 0.0025269694647792633 0.0007392476667454417
1.09 0.0025259813993136044 0.0007386175610599006
1.095 0.0025249889857488473 0.0007379846825196668
1.1 0.0025239922267261293 0.0007373490328090375
1.105 0.0025229911248978005 0.0007367106136194597
1.11 0.0025219856829274074 0.0007360694266495217
1.115 0.0025209759034896867 0.000735425473604947
1.12 0.0025199617892705485 0.0007347787561985847
1.125 0.0025189433429670676 0.0007341292761504043
1.13 0.0025179205672874712 0.0007334770351874868
1.135 0.0025168934649511254 0.000732822035044017
1.14 0.002515862038688524 0.0007321642774612762
1.145 0.002514826291241277 0.0007315037641876343
1.15 0.0025137862253620975 0.0007308404969785417
1.155 0.002512741843814789 0.000730174477596522
1.16 0.0025116931493742367 0.000729505707811165
1.165 0.0025106401448263893 0.0007288341893991162
1.17 0.002509582832968252 0.0007281599241440726
1.175 0.002508521216607872 0.0007274829138367719
1.18 0.0025074552985643248 0.0007268031602749854
1.185 0.0025063850816677037 0.0007261206652635103
1.19 0.0025053105687591077 0.0007254354306141622
1.195 0.0025042317626906264 0.0007247474581457664
1.2 0.0025031486663253293 0.0007240567496841488
1.205 0.002502061282537252 0.00072336330706213
1.21 0.0025009696142113866 0.0007226671321195172
1.215 0.0024998736642436637 0.000721968226703093
1.22 0.002498773435540943 0.0007212665926666098
1.225 0.002497668931021002 0.0007205622318707826
1.23 0.002496560153612517 0.0007198551461832771
1.235 0.0024954471062550577 0.0007191453374787054
1.24 0.0024943297918990693 0.0007184328076386147
1.245 0.002493208213505861 0.0007177175585514812
1.25 0.002492082374047592 0.0007169995921127001
1.255 0.002490952276507261 0.0007162789102245786
1.26 0.0024898179238786867 0.000715555514796325
1.265 0.0024886793191665054 0.000714829407744045
1.27 0.002487536465386147 0.0007141005909907282
1.275 0.0024863893655638265 0.000713369066466242
1.28 0.0024852380227365313 0.0007126348361073236
1.285 0.0024840824399520053 0.0007118979018575695
1.29 0.002482922620268739 0.0007111582656674298
1.295 0.0024817585667559513 0.0007104159294941962
1.3 0.0024805902824935806 0.0007096708953019962
1.305 0.0024794177705722673 0.0007089231650617821
1.31 0.0024782410340933444 0.0007081727407513257
1.315 0.0024770600761688188 0.000707419624355205
1.32 0.002475874899921362 0.0007066638178647993
1.325 0.0024746855084842936 0.0007059053232782781
1.33 0.0024734919050015693 0.0007051441426005944
1.335 0.002472294092627766 0.0007043802778434737
1.34 0.002471092074528067 0.0007036137310254059
1.345 0.002469885853878252 0.0007028445041716378
1.35 0.0024686754338646764 0.0007020725993141614
1.355 0.0024674608176842644 0.0007012980184917081
1.36 0.0024662420085444893 0.0007005207637497367
1.365 0.002465019009663365 0.0006997408371404274
1.37 0.0024637918242694247 0.0006989582407226698
1.375 0.0024625604556017143 0.0006981729765620565
1.38 0.002461324906909771 0.0006973850467308718
1.385 0.0024600851814536163 0.0006965944533080845
1.39 0.0024588412825037333 0.0006958011983793362
1.395 0.002457593213341062 0.0006950052840369365
1.4 0.0024563409772569763 0.0006942067123798492
1.405 0.002455084577553273 0.0006934054855136843
1.41 0.0024538240175421594 0.0006926016055506916
1.415 0.0024525593005462346 0.000691795074609747
1.42 0.0024512904298984784 0.0006909858948163472
1.425 0.0024500174089422356 0.0006901740683025983
1.43 0.002448740241031198 0.000689359597207205
1.435 0.0024474589295293957 0.000688542483675465
1.44 0.002446173477811179 0.0006877227298592572
1.445 0.002444883889261201 0.0006869003379170312
1.45 0.00244359016727441 0.0006860753100138012
1.455 0.002442292315256026 0.0006852476483211325
1.46 0.0024409903366215324 0.0006844173550171355
1.465 0.0024396842347966584 0.0006835844322864539
1.47 0.002438374013217364 0.0006827488823202567
1.475 0.0024370596753298247 0.0006819107073162265
1.48 0.0024357412245904165 0.000681069909478552
1.485 0.0024344186644657023 0.0006802264910179173
1.49 0.002433091998432415 0.0006793804541514925
1.495 0.0024317612299774418 0.0006785318011029233
1.5 0.002430426362597811 0.0006776805341023225
1.505 0.0024290873998006756 0.0006768266553862596
1.51 0.0024277443451032974 0.0006759701671977506
1.515 0.002426397202033032 0.0006751110717862482
1.52 0.0024250459741273146 0.0006742493714076335
1.525 0.002423690664933642 0.000673385068324204
1.53 0.0024223312780095596 0.000672518164804665
1.535 0.0024209678169226432 0.0006716486631241188
1.54 0.0024196002852504873 0.0006707765655640566
1.545 0.002418228686580685 0.0006699018744123456
1.55 0.0024168530245108157 0.0006690245919632218
1.555 0.002415473302648427 0.0006681447205172783
1.56 0.002414089524611022 0.0006672622623814557
1.565 0.002412701694026039 0.0006663772198690324
1.57 0.00241130981453084 0.0006654895952996134
1.575 0.0024099138897726922 0.0006645993909991224
1.58 0.0024085139234087537 0.0006637066092997885
1.585 0.0024071099191060544 0.000662811252540138
1.59 0.0024057018805414866 0.0006619133230649858
1.595 0.0024042898114017804 0.0006610128232254201
1.6 0.002402873715383494 0.0006601097553787981
1.605 0.002401453596192995 0.0006592041218887311
1.61 0.002400029457546446 0.0006582959251250774
1.615 0.0023986013031697846 0.0006573851674639292
1.62 0.002397169136798711 0.0006564718512876044
1.625 0.0023957329621786716 0.0006555559789846359
1.63 0.00239429278306484 0.0006546375529497602
1.635 0.002392848603222101 0.0006537165755839063
1.64 0.0023914004264250386 0.0006527930492941891
1.645 0.0023899482564579133 0.000651866976493894
1.65 0.0023884920971146504 0.0006509383596024696
1.655 0.0023870319521988206 0.0006500072010455165
1.66 0.0023855678255236255 0.0006490735032547759
1.665 0.002384099720911878 0.000648137268668119
1.67 0.002382627642195992 0.0006471984997295394
1.675 