0.0001 0.0 0.499999999800000 
0.23447421875 0.0 0.498900436814832 
0.0001 0.196349540849 0.499999999800000 
0.4688484375 0.0 0.495603622853076 
0.351661328125 0.237173604211 0.497526686206027 
0.0001 0.392699081699 0.499999999800000 
0.70322265625 0.0 0.490109557914734 
0.627126792783 0.290823648662 0.492134239715484 
0.407244743132 0.495813549143 0.496683034383824 
0.261283208032 0.721604459303 0.498634621704012 
0.0001 0.785398163397 0.499999999800000 
0.856678970292 0.224749414498 0.485322022837199 
0.937596875 0.0 0.482418241999805 
0.650753614563 0.626837262411 0.491530394662676 
0.873531184219 0.463026583999 0.484738865403945 
0.486478251116 0.799403482968 0.495266778223821 
0.329193420445 0.981747704247 0.497832633838714 
0.0001 1.1780972451 0.499999999800000 
1.17197109375 0.242958595617 0.472529675108289 
1.21473172681 0.537085767268 0.470488536637514 
1.04502194304 0.781089566696 0.478158582771308 
0.837055109009 0.731651679124 0.485986774889622 
0.70322265625 0.898334561786 0.490109557914734 
0.560079167497 1.13676175072 0.493726226522715 
0.296323271368 1.30062016366 0.498243850376914 
0.0001 1.57079632679 0.499999999800000 
1.17197109375 0.0 0.472529675108289 
1.47452347009 0.392699081699 0.456515610723265 
1.4063453125 0.785398163397 0.460443857240186 
1.32095187928 1.00072309369 0.465101722652665 
0.931600198125 1.00727490726 0.482642421417067 
0.820409765625 1.23456544429 0.486538556329343 
0.586035546875 1.36882286901 0.493131246755978 
0.4688484375 1.57079632679 0.495603622853076 
0.23447421875 1.57079632679 0.498900436814832 
1.4063453125 0.0 0.460443857240186 
1.55337776805 0.19455353042 0.451740350194707 
1.62458098349 0.572347438742 0.447214732561521 
1.70530332119 0.792062467163 0.441838811654570 
1.55158050635 0.979105961225 0.451851958646040 
1.54601152772 1.22114926097 0.452196967123070 
1.17197109375 1.1780972451 0.472529675108289 
1.0198438525 1.35359350033 0.479198370330400 
0.937596875 1.57079632679 0.482418241999805 
0.70322265625 1.57079632679 0.490109557914734 
1.75790664062 0.254948895148 0.438195284856931 
1.64071953125 0.0 0.446160788395496 
1.85252033187 0.519107951721 0.431363368400090 
2.00370018048 0.772578672023 0.419703711734774 
1.87509375 1.03821590344 0.429680468574219 
1.8077352081 1.30450611512 0.434641868348262 
1.64071953125 1.57079632679 0.446160788395496 
1.4063453125 1.57079632679 0.460443857240186 
1.17197109375 1.57079632679 0.472529675108289 
1.28915820312 1.37444678595 0.466761422546310 
1.87509375 0.0 0.429680468574219 
2.02691718162 0.224192491299 0.417832134777240 
2.23885622128 0.392699081699 0.399750456408305 
2.3438421875 0.0 0.390128076001904 
2.10946796875 0.0 0.411002897776355 
2.17980586303 0.618869128918 0.404968927989648 
2.3438421875 0.785398163397 0.390128076001904 
2.16697573637 1.01843197284 0.406084323159349 
2.10575414703 1.30450611512 0.411315989445282 
1.87509375 1.57079632679 0.429680468574219 
2.57821640625 0.249853011699 0.367056003250867 
2.49707280582 0.531612672133 0.375292548048382 
2.65462978069 0.785040054852 0.359058814549004 
2.49943308787 0.956277323503 0.375056684784832 
2.43459376322 1.1780972451 0.381455064162219 
2.3438421875 1.57079632679 0.390128076001904 
2.10946796875 1.57079632679 0.411002897776355 
2.57821640625 0.0 0.367056003250867 
2.79001720687 0.519107951721 0.344316079707274 
3.04300646657 0.638731833492 0.314802232888561 
2.92063761244 0.264743203687 0.329397518735649 
2.812590625 0.0 0.341786679523242 
2.812590625 1.03821590344 0.341786679523242 
3.04336352989 0.905129850698 0.314758768498880 
2.67812521129 1.25551939703 0.356552907053137 
2.57821640625 1.57079632679 0.367056003250867 
3.17635309628 0.392699081699 0.298215620154465 
3.04696484375 0.0 0.314320104819031 
3.2813390625 0.785398163397 0.284656279138232 
3.19058748678 1.1780972451 0.296403029783517 
2.92892803676 1.30450611512 0.328427611110043 
2.812590625 1.57079632679 0.341786679523242 
3.41362377316 0.539649309896 0.266943454706468 
3.2813390625 0.0 0.284656279138232 
3.51571328125 0.249853011699 0.252795202480847 
3.72751408187 0.519107951721 0.222112775389066 
3.57367796372 0.76828526454 0.244576516232773 
3.4402382675 1.02895504021 0.263295213255989 
3.51571328125 1.30979740149 0.252795202480847 
3.2813390625 1.57079632679 0.284656279138232 
3.04696484375 1.57079632679 0.314320104819031 
3.51571328125 0.0 0.252795202480847 
3.7500875 0.0 0.218736874846875 
3.85813448744 0.264743203687 0.202295965536038 
3.98050334157 0.638731833492 0.183111862955391 
3.79895727883 0.77217441443 0.211358471872741 
3.7500875 1.03821590344 0.218736874846875 
3.86642491176 1.30450611512 0.201015168034986 
3.7500875 1.57079632679 0.218736874846875 
3.51571328125 1.57079632679 0.252795202480847 
3.98446171875 0.0 0.182481296236316 
4.11384997128 0.392699081699 0.161524768275234 
4.35112064816 0.539649309896 0.121354982103280 
4.2188359375 0.785398163397 0.144028466649170 
4.12808436178 1.1780972451 0.159178390039848 
3.98086040489 0.905129850698 0.183055008735804 
3.98446171875 1.57079632679 0.182481296236316 
4.2188359375 0.0 0.144028466649170 
4.45321015625 0.249853011699 0.103378386085437 
4.66501095687 0.519107951721 0.0647534554454682 
4.51117483872 0.76828526454 0.0929860314904101 
4.3777351425 1.02895504021 0.116708700441669 
4.45321015625 1.30979740149 0.103378386085437 
4.2188359375 1.57079632679 0.144028466649170 
4.45321015625 0.0 0.103378386085437 
4.68560863992 0.233000351578 0.0609014334704029 
4.91566696598 0.269962953953 0.0167243655914066 
5.00294431272 0.543114793976 -0.000589035923833081 
4.86256466775 0.801684974721 0.0271092970388103 
4.687584375 1.03821590344 0.0605310545451172 
4.80392178676 1.30450611512 0.0384467093345385 
4.687584375 1.57079632679 0.0605310545451172 
4.45321015625 1.57079632679 0.103378386085437 
4.687584375 0.0 0.0605310545451172 
4.92195859375 0.0 0.0154864720282104 
5.1563328125 0.0 -0.0317553614652833 
5.24708438822 0.392699081699 -0.0506378915411513 
5.1563328125 0.785398163397 -0.0317553614652833 
5.06558123678 1.1780972451 -0.0132022653292110 
4.90944482757 1.01935458738 0.0179470297001202 
4.92195859375 1.57079632679 0.0154864720282104 
5.47478340856 0.253362669643 -0.0994650674128522 
5.39070703125 0.0 -0.0811944459353638 
5.40322079743 0.551441739415 -0.0838958997147177 
5.45010095725 0.769111352074 -0.0940720088841500 
5.30972131228 1.02768153282 -0.0638628082813065 
5.39699865902 1.30083337284 -0.0825518905092156 
5.1563328125 1.57079632679 -0.0317553614652833 
5.62508125 0.0 -0.132830781382031 
5.74141866176 0.266290211677 -0.159277764991300 
5.62508125 0.532580423354 -0.132830781382031 
5.69131470039 0.810820161614 -0.147821260377177 
5.64765466813 1.05168837507 -0.137920065008783 
5.76906068298 1.3170124963 -0.165641223278646 
5.62508125 1.57079632679 -0.132830781382031 
5.39070703125 1.57079632679 -0.0811944459353638 
5.85945546875 0.0 -0.186664367805286 
6.00307811178 0.392699081699 -0.220738936323661 
5.8756376705 0.628985932907 -0.190462360700816 
5.89097752214 0.952448027098 -0.194072323327943 
6.02565152991 1.1780972451 -0.226169527198912 
5.97664257812 1.38887378842 -0.214405130133133 
5.85945546875 1.57079632679 -0.186664367805286 
6.0938296875 0.0 -0.242695205205127 
6.32820390625 0.249853011699 -0.300923293581555 
6.25523017902 0.525186102268 -0.282558091849550 
6.0938296875 0.785398163397 -0.242695205205127 
6.27254438665 1.0597729083 -0.286896261649730 
6.32820390625 1.32783773118 -0.300923293581555 
6.0938296875 1.57079632679 -0.242695205205127 
6.32820390625 0.0 -0.300923293581555 
6.55432412895 0.227111038902 -0.359183295747382 
6.54000470687 0.519107951721 -0.355433231317900 
6.38341330263 0.809443495621 -0.314959307844172 
6.562578125 1.03821590344 -0.361348632934570 
6.56322577482 1.33564568693 -0.361518651426463 
6.32820390625 1.57079632679 -0.300923293581555 
6.562578125 0.0 -0.361348632934570 
6.79695234375 0.0 -0.423971223264172 
6.77761666593 0.269395733214 -0.418721753405123 
6.85380332985 0.552309709244 -0.439492401683972 
6.67175237575 0.77342368069 -0.390245595266281 
6.85623163481 1.0217165479 -0.440158244603230 
6.79695234375 1.30979740149 -0.423971223264172 
6.79695234375 1.57079632679 -0.423971223264172 
6.562578125 1.57079632679 -0.361348632934570 
7.0313265625 0.0 -0.488791064570361 
7.14851367188 0.181922538373 -0.522024954339676 
7.09950472009 0.392699081699 -0.508059345410687 
7.0313265625 0.785398163397 -0.488791064570361 
7.18260275067 0.957274440506 -0.531795645478182 
7.12207813822 1.1780972451 -0.514479940137018 
7.0313265625 1.57079632679 -0.488791064570361 
7.26570078125 0.0 -0.555808156853137 
7.35609556702 0.253783830499 -0.582242839821946 
7.25078090826 0.568703270133 -0.551476475590350 
7.33387893884 0.785398163397 -0.575715605790272 
7.500075 1.03821590344 -0.625022500112500 
7.38373758824 1.30450611512 -0.590391615440820 
7.26570078125 1.57079632679 -0.555808156853137 
7.500075 0.0 -0.625022500112500 
7.72815759098 0.269962953953 -0.694488395020519 
7.47750158187 0.519107951721 -0.618260598137670 
7.67505529275 0.801684974721 -0.678129474935673 
7.72193545257 1.01935458738 -0.692565742674413 
7.65037284144 1.31743365715 -0.670564092260889 
7.500075 1.57079632679 -0.625022500112500 
7.73444921875 0.0 -0.696434094348449 
7.9688234375 0.0 -0.770042939560986 
8.05957501322 0.392699081699 -0.799134987873036 
7.81543493772 0.543114793976 -0.721620465315133 
7.9688234375 0.785398163397 -0.770042939560986 
7.87807186178 1.1780972451 -0.741280325188732 
7.9688234375 1.57079632679 -0.770042939560986 
7.73444921875 1.57079632679 -0.696434094348449 
8.20319765625 0.0 -0.845849035750109 
8.32038476562 0.265472325799 -0.884576052960891 
8.21599771332 0.550668104726 -0.850052368504466 
8.26207414786 0.768151978893 -0.865237384496124 
8.12622109645 1.02860803744 -0.820709386169356 
8.19297767623 1.31215920811 -0.842497664064350 
8.20319765625 1.57079632679 -0.845849035750109 
8.437571875 0.0 -0.923852382915820 
8.59403386235 0.227667855877 -0.977148360545202 
8.437571875 0.532580423354 -0.923852382915820 
8.53744122117 0.790139312964 -0.957758052099782 
8.41499845687 1.05168837507 -0.916243980582830 
8.42888201458 1.28838120763 -0.920921040314804 
8.437571875 1.57079632679 -0.923852382915820 
8.67194609375 0.0 -1.00405298105812 
8.9063203125 0.0 -1.08645083017700 
8.81556873678 0.392699081699 -1.05428504305935 
8.67343006765 0.589267383347 -1.00456778276954 
8.9063203125 0.785398163397 -1.08645083017700 
8.70858952431 1.00697733144 -1.01679063005963 
8.66565446598 1.30083337284 -1.00187134647528 
8.67194609375 1.57079632679 -1.00405298105812 
9.14069453125 0.249853011699 -1.17104593027247 
9.06772080402 0.525186102268 -1.14447121159183 
9.21572047339 0.785100387369 -1.19859007687362 
9.06118515697 0.956445112837 -1.14210152897884 
8.99707188822 1.1780972451 -1.11894605123445 
8.9063203125 1.57079632679 -1.08645083017700 
9.14069453125 0.0 -1.17104593027247 
9.35249533187 0.519107951721 -1.24938337865338 
9.37309301492 0.233000351578 -1.25709745332632 
9.37506875 0.0 -1.25783828134453 
9.37506875 1.03821590344 -1.25783828134453 
9.55004904275 0.801684974721 -1.32406873437895 
9.22477090856 1.31743365715 -1.20192796630826 
9.14069453125 1.57079632679 -1.17104593027247 
9.60315134098 0.269962953953 -1.34441031355542 
9.69042868772 0.543114793976 -1.37808816303629 
9.8438171875 0.785398163397 -1.43801473641841 
9.59692920257 1.01935458738 -1.34202100238439 
9.49140616176 1.30450611512 -1.30173581854856 
9.37506875 1.57079632679 -1.25783828134453 
9.60944296875 0.0 -1.34682788339318 
9.93456876322 0.392699081699 -1.47391313022125 
10.0910933549 0.550392766272 -1.53660330196066 
10.1368837417 0.767810535661 -1.55512823986174 
10.0027163925 1.02895504021 -1.50108670457746 
9.75306561178 1.1780972451 -1.40244577655537 
9.60944296875 1.57079632679 -1.34682788339318 
9.8438171875 0.0 -1.43801473641841 
10.1962282132 0.266290211677 -1.57926139553089 
10.0781914063 0.0 -1.53139884042023 
10.312565625 0.532580423354 -1.62698019539863 
10.4889751613 0.802511062255 -1.70037199867995 
10.3351390431 1.05168837507 -1.63630198081618 
10.0781914063 1.30979740149 -1.53139884042023 
9.8438171875 1.57079632679 -1.43801473641841 
10.312565625 0.0 -1.62698019539863 
10.5469398438 0.2609989253 -1.72475880135363 
10.6224148575 0.541841286586 -1.75671394809494 
10.7813140625 0.785398163397 -1.82473465828521 
10.5570113453 1.01659100429 -1.72900977091098 
10.456545058 1.3170124963 -1.68678669099229 
10.312565625 1.57079632679 -1.62698019539863 
10.0781914063 1.57079632679 -1.53139884042023 
10.5469398438 0.0 -1.72475880135363 
10.7813140625 0.0 -1.82473465828521 
10.8720656382 0.392699081699 -1.86403622483344 
10.9995060795 0.628985932907 -1.91978267985757 
11.1625464336 0.813882836145 -1.99204885766173 
10.9561175489 1.05713408784 -1.90073023489261 
10.7131359049 1.1780972451 -1.79542561834282 
10.6641269531 1.38887378842 -1.77447207344734 
10.5469398438 1.57079632679 -1.72475880135363 
11.0156882813 0.0 -1.92690776619337 
11.1155970863 0.315276929763 -1.97112997169445 
11.2500625 0.532580423354 -2.03127812507812 
11.4086414557 0.79952101054 -2.10314199728118 
11.2274890819 1.05168837507 -2.02113022167066 
11.0208963807 1.3207168408 -1.92920314068816 
10.7813140625 1.57079632679 -1.82473465828521 
11.2500625 0.0 -2.03127812507812 
11.3663999118 0.266290211677 -2.08390093907953 
11.5557031811 0.616256126084 -2.17068552021117 
11.7188109375 0.785398163397 -2.24661059577739 
11.4512794568 1.02130330323 -2.12263602394388 
11.3581094874 1.30605312311 -2.08013302257491 
11.2500625 1.57079632679 -2.03127812507812 
11.0156882813 1.57079632679 -1.92690776619337 
11.4844367188 0.0 -2.13784573493947 
11.6280593618 0.392699081699 -2.20423529042356 
11.863389373 0.545150773301 -2.31480014833097 
12.0177025051 0.77926439903 -2.38850347001874 
11.8608177775 1.03374617536 -2.31357996700699 
11.6138249713 1.1780972451 -2.19761860927268 
11.4844367188 1.57079632679 -2.13784573493947 
11.7188109375 0.0 -2.24661059577739 
11.9429651762 0.258637118681 -2.35268834401327 
12.1649859569 0.519107951721 -2.45973766661738 
12.3714491551 0.818204022226 -2.56105508392755 
12.187559375 1.03821590344 -2.47073207038301 
11.9531851562 1.30450611512 -2.35757270759191 
11.7188109375 1.57079632679 -2.24661059577739 
11.9531851562 0.0 -2.35757270759191 
12.1735376248 0.23171500732 -2.46390036602510 
12.4025979159 0.269395733214 -2.57648870128331 
12.4787845798 0.552309709244 -2.61440129180370 
12.6563078125 0.785398163397 -2.70364254889497 
12.5655562368 1.1780972451 -2.65786407079575 
12.3038967868 1.30450611512 -2.52771752278310 
12.187559375 1.57079632679 -2.47073207038301 
11.9531851562 1.57079632679 -2.35757270759191 
12.187559375 0.0 -2.47073207038301 
12.4219335937 0.0 -2.58608868415070 
12.6563078125 0.0 -2.70364254889497 
12.803340268 0.19455353042 -2.77851044038821 
12.7244859701 0.392699081699 -2.73825086405870 
12.8804012066 0.554831255346 -2.81809470485722 
12.9490876692 0.769024095006 -2.85357742929288 
12.8118979438 1.02819032324 -2.78289457846392 
12.894395853 1.30450611512 -2.82530888826157 
12.6563078125 1.57079632679 -2.70364254889497 
12.4219335937 1.57079632679 -2.58608868415070 
12.8906820312 0.0 -2.82339366461583 
13.0078691406 0.254948895148 -2.88409319159248 
13.1024828319 0.519107951721 -2.93350112718949 
13.3000365428 0.801684974721 -3.03781944077019 
13.12505625 1.03821590344 -2.94534203131328 
13.2413936618 1.30450611512 -3.00669012211207 
13.12505625 1.57079632679 -2.94534203131328 
12.8906820312 1.57079632679 -2.82339366461583 
13.12505625 0.0 -2.94534203131328 
13.353138841 0.269962953953 -3.06612633812992 
13.4404161877 0.543114793976 -3.11289574598328 
13.5938046875 0.785398163397 -3.19583051763794 
13.5030531118 1.1780972451 -3.14664886679332 
13.3469167026 1.01935458738 -3.06280370930903 
13.3594304688 1.57079632679 -3.06948764898732 
13.3594304688 0.0 -3.06948764898732 
13.5938046875 0.0 -3.19583051763794 
13.6845562632 0.392699081699 -3.24534160242235 
13.8410808549 0.550392766272 -3.33151038465750 
13.8868712417 0.767810535661 -3.35690385768055 
13.7527038925 1.02895504021 -3.28273728709802 
13.8281789063 1.30979740149 -3.32437063726515 
13.5938046875 1.57079632679 -3.19583051763794 
13.8281789063 0.0 -3.32437063726515 
13.9462157132 0.266290211677 -3.38993865440644 
14.062553125 0.532580423354 -3.45510800786895 
14.2389626613 0.802511062255 -3.55496115338784 
14.0851265431 1.05168837507 -3.46781579471914 
14.206532558 1.3170124963 -3.53651134642023 
14.062553125 1.57079632679 -3.45510800786895 
13.8281789063 1.57079632679 -3.32437063726515 
14.062553125 0.0 -3.45510800786895 
14.2969273438 0.2609989253 -3.58804262944933 
14.3724023575 0.541841286586 -3.63131899051500 
14.5313015625 0.785398163397 -3.72317450200630 
14.4631234049 1.1780972451 -3.68363877251498 
14.3069988453 1.01659100429 -3.59380431920880 
14.2969273438 1.57079632679 -3.58804262944933 
14.4141144531 1.38887378842 -3.65533390935574 
14.2969273438 0.0 -3.58804262944933 
14.5313015625 0.0 -3.72317450200630 
14.6220531382 0.392699081699 -3.77608875953611 
14.7494935795 0.628985932907 -3.85095121703212 
14.9125339336 0.813882836145 -3.94767336643708 
14.7061050489 1.05713408784 -3.82539051416727 
14.7708838807 1.3207168408 -3.86358021235001 
14.5313015625 1.57079632679 -3.72317450200630 
14.7656757812 0.0 -3.86050362553986 
14.8655845863 0.315276929763 -3.91971210184242 
15.00005 0.532580423354 -4.00003000005000 
15.1586289557 0.79952101054 -4.09568063631425 
14.9774765819 1.05168837507 -3.98649609520989 
15.1080969874 1.30605312311 -4.06509189163977 
15.00005 1.57079632679 -4.00003000005000 
14.7656757812 1.57079632679 -3.86050362553986 
15.00005 0.0 -4.00003000005000 
15.1163874118 0.266290211677 -4.07010336764616 
15.3056906811 0.616256126084 -4.18528334453338 
15.4687984375 0.785398163397 -4.28567450200005 
15.2012669568 1.02130330323 -4.12157034182377 
15.3638124713 1.1780972451 -4.22093467305600 
15.2344242188 1.57079632679 -4.14175362553673 
15.2344242188 0.0 -4.14175362553673 
15.3780468618 0.392699081699 -4.22968650566464 
15.613376873 0.545150773301 -4.37555074759662 
15.7676900051 0.77926439903 -4.47240096193468 
15.6108052775 1.03374617536 -4.37394482822173 
15.7031726562 1.30450611512 -4.43179262943995 
15.4687984375 1.57079632679 -4.28567450200005 
15.4687984375 0.0 -4.28567450200005 
15.6929526762 0.258637118681 -4.42537527396844 
15.9149734569 0.519107951721 -4.56572760265818 
16.1214366551 0.818204022226 -4.69801439646596 
15.937546875 1.03821590344 -4.58010800785645 
16.0538842868 1.30450611512 -4.65454401385130 
15.937546875 1.57079632679 -4.58010800785645 
15.7031726562 1.57079632679 -4.43179262943995 
15.7031726562 0.0 -4.43179262943995 
15.9235251248 0.23171500732 -4.57117304797223 
16.1525854159 0.269395733214 -4.71812031237658 
16.2287720798 0.552309709244 -4.76746086439133 
16.4062953125 0.785398163397 -4.88333051761919 
16.3155437368 1.1780972451 -4.82393934853839 
16.1719210938 1.57079632679 -4.73062063724952 
15.937546875 0.0 -4.58010800785645 
16.1719210938 0.0 -4.73062063724952 
16.4062953125 0.0 -4.88333051761919 
16.5234824219 0.181922538373 -4.96050942692024 
16.4744734701 0.392699081699 -4.92816552233186 
16.6303887066 0.554831255346 -5.03139657064904 
16.6990751692 0.769024095006 -5.07718223013226 
16.5618854438 1.02819032324 -4.98592098909304 
16.644383353 1.30450611512 -5.04070994401221 
16.4062953125 1.57079632679 -4.88333051761919 
16.6406695312 0.0 -5.03823764896544 
16.731064317 0.253783830499 -5.09857026360365 
16.8524703319 0.519107951721 -5.18011512573185 
16.9241640248 0.772174078681 -5.22854655878210 
16.87504375 1.03821590344 -5.19534203128828 
16.9913811618 1.30450611512 -5.27414067568182 
16.87504375 1.57079632679 -5.19534203128828 
16.6406695312 1.57079632679 -5.03823764896544 
16.87504375 0.0 -5.19534203128828 
17.0069992951 0.242596383348 -5.28476050045470 
17.2388062213 0.392699081699 -5.44352879870001 
17.1054595916 0.638731833492 -5.35193495677501 
17.1058166549 0.905129850698 -5.35217926861328 
17.2530406118 1.1780972451 -5.45334820703753 
17.1094179688 1.57079632679 -5.35464366458771 
17.1094179688 0.0 -5.35464366458771 
17.3437921875 0.0 -5.51614254886372 
17.5781664062 0.249853011699 -5.67983868411632 
17.4760768982 0.539649309896 -5.60826527500737 
17.3437921875 0.785398163397 -5.51614254886372 
17.5026913925 1.02895504021 -5.62688411962484 
17.5781664062 1.30979740149 -5.67983868411632 
17.3437921875 1.57079632679 -5.51614254886372 
17.5781664062 0.0 -5.67983868411632 
17.812540625 0.0 -5.84573207034551 
17.9205876124 0.264743203687 -5.92294920750501 
17.7899672069 0.519107951721 -5.82965866443092 
17.6361310887 0.76828526454 -5.72066239556869 
17.812540625 1.03821590344 -5.84573207034551 
17.8110168771 1.3364324135 -5.84464644396195 
17.5781664062 1.57079632679 -5.67983868411632 
18.0469148438 0.0 -6.01382270755128 
18.1763030963 0.392699081699 -6.10755988496010 
18.117252738 0.618869128918 -6.06469693547604 
17.9411470555 0.772578672023 -5.93769515332820 
18.1044226114 1.01843197284 -6.05540236182442 
18.043201022 1.30450611512 -6.01114206242801 
18.0469148438 1.57079632679 -6.01382270755128 
17.812540625 1.57079632679 -5.84573207034551 
18.2812890625 0.0 -6.18411059573364 
18.4950847125 0.267540360333 -6.34136317043427 
18.4427492377 0.548995123317 -6.30269998887915 
18.2812890625 0.785398163397 -6.18411059573364 
18.4469406182 0.953952336335 -6.30579236344769 
18.3720406382 1.1780972451 -6.25063754424503 
18.2812890625 1.57079632679 -6.18411059573364 
18.5156632812 0.0 -6.35659573489259 
18.7367337068 0.242571045685 -6.52130379997134 
18.7274640819 0.519107951721 -6.51435821875538 
18.6113654533 0.784201281158 -6.42765848074150 
18.7500375 1.03821590344 -6.53127812502812 
18.6337000882 1.30450611512 -6.44429557957217 
18.5156632812 1.57079632679 -6.35659573489259 
18.7500375 0.0 -6.53127812502812 
18.9844117188 0.0 -6.70815776614025 
18.978120091 0.269962953953 -6.70338084375338 
19.0653974377 0.543114793976 -6.76978758916549 
18.9250177928 0.801684974721 -6.66312596911877 
18.9718979526 1.01935458738 -6.69865823845770 
18.8845029137 1.25551939703 -6.63248900595899 
18.7500375 1.57079632679 -6.53127812502812 
19.2187859375 0.0 -6.88723465822896 
19.3095375132 0.392699081699 -6.95716477948573 
19.2187859375 0.785398163397 -6.88723465822895 
19.1280343618 1.1780972451 -6.81763397091197 
18.9844117188 1.57079632679 -6.70815776614025 
19.4531601563 0.0 -7.06850880129425 
19.5703472656 0.265472325799 -7.15996984194311 
19.4654959542 0.551922657257 -7.07811065485529 
19.5128757372 0.769707731329 -7.11504639070799 
19.3767109062 1.0308478063 -7.00913851088601 
19.4429401762 1.31215920811 -7.06055845392985 
19.2187859375 1.57079632679 -6.88723465822896 
19.687534375 0.0 -7.25198019533613 
19.8439963624 0.227667855877 -7.37568383258112 
19.687534375 0.532580423354 -7.25198019533613 
19.7882540256 0.789653543554 -7.33149994763115 
19.6649609569 1.05168837507 -7.23421378870523 
19.6788445146 1.28838120763 -7.24513842858171 
19.687534375 1.57079632679 -7.25198019533613 
19.4531601563 1.57079632679 -7.06850880129425 
19.9219085937 0.0 -7.43764884035460 
20.1562828125 0.0 -7.62551473634966 
20.0655312368 0.392699081699 -7.55251087628728 
19.9231251175 0.588544661432 -7.43861828896727 
20.1562828125 0.785398163397 -7.62551473634966 
19.9585520243 1.00697733144 -7.46687597814450 
19.915616966 1.30083337284 -7.43263598271282 
19.9219085937 1.57079632679 -7.43764884035460 
20.3906570313 0.249853011699 -7.81557788332130 
20.317683304 0.525186102268 -7.75616509684613 
20.4656829734 0.785100387369 -7.87688359134705 
20.311147657 0.956445112837 -7.75085438286695 
20.2470343882 1.1780972451 -7.69884803035183 
20.1562828125 1.57079632679 -7.62551473634966 
20.3906570313 0.0 -7.81557788332130 
20.6024578319 0.519107951721 -7.98922537428047 
20.6230555149 0.233000351578 -8.00620837542829 
20.62503125 0.0 -8.00783828126953 
20.62503125 1.03821590344 -8.00783828126953 
20.8000115428 0.801684974721 -8.15280960357142 
20.5086938382 1.30450611512 -7.91213045901620 
20.3906570313 1.57079632679 -7.81557788332130 
20.853113841 0.269962953953 -8.19704713729765 
20.9403911877 0.543114793976 -8.26999966189602 
21.0937796875 0.785398163397 -8.39895083009575 
20.9589558061 1.0110734016 -8.28555656959998 
20.8423411172 1.30450611512 -8.18806366487406 
20.62503125 1.57079632679 -8.00783828126953 
20.8594054687 0.0 -8.20229593019435 
21.1845312632 0.392699081699 -8.47568729684332 
21.3119717045 0.628985932907 -8.58400275866512 
21.2966318529 0.952448027098 -8.57093056552225 
21.1619578451 1.1780972451 -8.45656919674459 
21.2152679776 1.38705346509 -8.50175190725555 
21.0937796875 1.57079632679 -8.39895083009575 
20.8594054687 1.57079632679 -8.20229593019435 
21.0937796875 0.0 -8.39895083009575 
21.4461907132 0.266290211677 -8.69878192217630 
21.562528125 0.532580423354 -8.79885238282832 
21.4919829282 0.821391934696 -8.73810660373199 
21.5399547069 1.05168837507 -8.77939297548109 
21.4138642038 1.30300460403 -8.67107160280447 
21.3281539063 1.57079632679 -8.59780298097374 
21.3281539063 0.0 -8.59780298097374 
21.562528125 0.0 -8.79885238282832 
21.7969023437 0.2609989253 -9.00209903565948 
21.8723773575 0.541841286586 -9.06801782537387 
21.7269621677 0.810324006976 -8.94121770070455 
21.9262905963 1.1780972451 -9.11524438625436 
21.6905554648 1.32456119379 -8.90960392745225 
21.562528125 1.57079632679 -8.79885238282832 
21.7969023437 0.0 -9.00209903565948 
22.0312765625 0.0 -9.20754293946723 
22.1220281382 0.392699081699 -9.28768257896020 
22.0312765625 0.785398163397 -9.20754293946723 
22.1682650573 1.03240454803 -9.32863951298373 
22.2633395752 1.29837228628 -9.41312578078724 
22.0312765625 1.57079632679 -9.20754293946723 
21.7969023437 1.57079632679 -9.00209903565948 
22.2656507813 0.0 -9.41518409425158 
22.3836875882 0.266290211677 -9.52058940096179 
22.2747524498 0.560662141322 -9.42329193400996 
22.3312116399 0.780545439031 -9.47366026608134 
22.5225984181 1.05168837507 -9.64534879008613 
22.644004433 1.3170124963 -9.75501873521845 
22.500025 1.57079632679 -9.62502250001250 
22.2656507813 1.57079632679 -9.41518409425158 
22.500025 0.0 -9.62502250001250 
22.6570260977 0.227148929247 -9.76681663181694 
22.500025 0.532580423354 -9.62502250001250 
22.575098227 0.799402825202 -9.69270119915245 
22.7659212721 0.952448027098 -9.86574342738850 
22.9005952799 1.1780972451 -9.98874528348768 
22.8515863281 1.38887378842 -9.94389995423499 
22.7343992187 1.57079632679 -9.83705815675001 
22.7343992187 0.0 -9.83705815675001 
22.9687734375 0.0 -10.0512910644641 
22.8780218618 0.392699081699 -9.96807768616555 
22.7505814205 0.628985932907 -9.85177909941926 
22.9687734375 0.785398163397 -10.0512910644641 
23.1523570974 1.04993511695 -10.2206327833525 
23.2031476562 1.32783773118 -10.2677212231548 
22.9687734375 1.57079632679 -10.0512910644641 
23.2031476562 0.249853011699 -10.2677212231548 
23.1237357547 0.542751089516 -10.1941431050288 
23.2677314462 0.792062467163 -10.3277465330431 
23.437521875 1.03821590344 -10.4863486328221 
23.4367125155 1.3370512162 -10.4855898706941 
23.2031476563 1.57079632679 -10.2677212231548 
23.2031476563 0.0 -10.2677212231548 
23.4149484569 0.519107951721 -10.4651962247585 
23.5661283055 0.772578672023 -10.6072480662083 
23.7294038614 1.01843197284 -10.7616921523236 
23.668182272 1.30450611512 -10.7036570412411 
23.6718960938 1.57079632679 -10.7071732934659 
23.437521875 1.57079632679 -10.4863486328221 
23.5455688624 0.264743203687 -10.5878762611210 
23.437521875 0.0 -10.4863486328221 
23.8012843463 0.392699081699 -10.8300227306538 
23.6718960938 0.0 -10.7071732934659 
23.742233988 0.618869128918 -10.7738734948512 
23.9062703125 0.785398163397 -10.9301952050864 
24.0618612129 0.956277323503 -11.0794633005520 
23.9970218882 1.1780972451 -11.0171411900701 
23.9062703125 1.57079632679 -10.9301952050864 
24.1406445313 0.249853011699 -11.1554143676834 
24.0595009308 0.531612672133 -11.0771917008055 
24.2170579057 0.785040054852 -11.2293178721552 
24.37501875 1.03821590344 -11.3828307812570 
24.2586813382 1.30450611512 -11.2696724054089 
24.1406445313 1.57079632679 -11.1554143676834 
23.9062703125 0.0 -10.9301952050864 
24.3524453319 0.519107951721 -11.3608318728353 
24.3730430149 0.233000351578 -11.3809045161415 
24.1406445313 0.0 -11.1554143676834 
24.5499990428 0.801684974721 -11.5540490599814 
24.6742683277 1.04441577957 -11.6763903501622 
24.5923286172 1.30450611512 -11.5956525362794 
24.37501875 1.57079632679 -11.3828307812570 
24.603101341 0.269962953953 -11.6062519118909 
24.6903786877 0.543114793976 -11.6922959948618 
24.8437671875 0.785398163397 -11.8442553613340 
25.0466193529 0.952448027098 -12.0466628201380 
24.9119453451 1.1780972451 -11.9121004175318 
24.9652554776 1.38705346509 -11.9652796212696 
24.8437671875 1.57079632679 -11.8442553613340 
24.6093929688 1.57079632679 -11.6124444458072 
24.37501875 0.0 -11.3828307812570 
24.6093929688 0.0 -11.6124444458072 
24.9345187632 0.392699081699 -11.9346045190632 
25.0619592045 0.628985932907 -12.0620359833569 
25.2552257522 0.797580450193 -12.2565285558746 
25.2899422069 1.05168837507 -12.2916235365375 
25.1638517038 1.30300460403 -12.1643886514505 
25.0781414063 1.57079632679 -12.0782635278374 
24.8437671875 0.0 -11.8442553613340 
25.0781414063 0.0 -12.0782635278374 
25.1780502113 0.315276929763 -12.1786842488441 
25.312515625 0.532580423354 -12.3144689453174 
25.5045538811 0.737484245273 -12.5096453734757 
25.5835332743 1.00697733144 -12.5903434959580 
25.540598216 1.30083337284 -12.5464431446027 
25.312515625 1.57079632679 -12.3144689453174 
25.312515625 0.0 -12.3144689453174 
25.4288530368 0.266290211677 -12.4325313352991 
25.6905124868 0.392699081699 -12.7000486366723 
25.7812640625 0.785398163397 -12.7934715332071 
25.9419246502 0.955105734029 -12.9596690911038 
25.8720156382 1.1780972451 -12.8872238636816 
25.7812640625 1.57079632679 -12.7934715332071 
25.5468898438 1.57079632679 -12.5528716137739 
25.5468898438 0.0 -12.5528716137739 
25.7812640625 0.0 -12.7934715332071 
26.0054183012 0.258637118681 -13.0256356204399 
25.9391890312 0.539948520491 -12.9568305519761 
26.1017571271 0.784618012262 -13.1260345024628 
26.2500125 1.03821590344 -13.2812631250031 
26.1155470863 1.25551939703 -13.1404359923238 
26.0156382812 1.57079632679 -13.0362687036168 
26.0156382812 0.0 -13.0362687036168 
26.2423924058 0.237769080112 -13.2732631836487 
26.2274390819 0.519107951721 -13.2575712158651 
26.4249927928 0.801684974721 -13.4656048819387 
26.4718729526 1.01935458738 -13.5152011523445 
26.3663499118 1.30450611512 -13.4036881533836 
26.2500125 1.57079632679 -13.2812631250031 
26.2500125 0.0 -13.2812631250031 
26.4843867188 0.0 -13.5284547973660 
26.478095091 0.269962953953 -13.5217903929399 
26.5653724377 0.543114793976 -13.6143802550970 
26.7187609375 0.785398163397 -13.7778437207055 
26.6280093618 1.1780972451 -13.6810176514254 
26.4843867188 1.57079632679 -13.5284547973660 
26.7187609375 0.0 -13.7778437207055 
26.8095125132 0.392699081699 -13.8749992239254 
26.9654709542 0.551922657257 -14.0427324756302 
27.0128507372 0.769707731329 -14.0938820990047 
26.8766859062 1.0308478063 -13.9471249060619 
26.9429151762 1.31215920811 -14.0184135638714 
26.7187609375 1.57079632679 -13.7778437207055 
26.9531351562 0.0 -14.0294298950216 
27.0703222656 0.265472325799 -14.1560469512958 
27.187509375 0.532580423354 -14.2832133203143 
27.2882290256 0.789653543554 -14.3929488670687 
27.1649359569 1.05168837507 -14.2586749108181 
27.1788195146 1.28838120763 -14.2737646041242 
27.187509375 1.57079632679 -14.2832133203143 
26.9531351562 1.57079632679 -14.0294298950216 
27.187509375 0.0 -14.2832133203143 
27.3439713624 0.227667855877 -14.4538553973030 
27.4231001175 0.588544661432 -14.5405284011107 
27.6562578125 0.785398163397 -14.7973719238293 
27.4585270243 1.00697733144 -14.5794141268990 
27.415591966 1.30083337284 -14.5322936569024 
27.4218835937 1.57079632679 -14.5391939965835 
27.4218835937 0.0 -14.5391939965835 
27.6562578125 0.0 -14.7973719238293 
27.5655062368 0.392699081699 -14.6971426818038 
27.817658304 0.525186102268 -14.9764422703802 
27.9656579734 0.785100387369 -15.1415605176939 
27.8976882976 1.00460696062 -15.0656202469728 
27.7470093882 1.1780972451 -14.8979305997947 
27.6562578125 1.57079632679 -14.7973719238293 
27.8906320313 0.249853011699 -15.0577471020518 
28.1024328319 0.519107951721 -15.2949346213964 
28.2343003349 0.792693645833 -15.4435143080414 
28.12500625 1.03821590344 -15.3203195312508 
28.0086688382 1.30450611512 -15.1897106018079 
27.8906320313 1.57079632679 -15.0577471020518 
27.8906320313 0.0 -15.0577471020518 
28.1051783646 0.216254170468 -15.2980210181152 
28.3159982607 0.268350069437 -15.5359151500036 
28.3905052801 0.574001188058 -15.6204158011497 
28.5937546875 0.785398163397 -15.8520561425786 
28.4176843787 0.969222741608 -15.6512957089867 
28.4540884723 1.22114926097 -15.6927030157655 
28.2491868187 1.35798609731 -15.4603311183573 
28.12500625 1.57079632679 -15.3203195312508 
28.12500625 0.0 -15.3203195312508 
28.6210015903 0.392699081699 -15.8832346406477 
28.7686135136 0.600235724296 -16.0526624698925 
28.9473470936 0.845269477812 -16.2589780751925 
28.6516819264 1.0171157163 -15.9183775441972 
28.6575640798 1.34258941394 -15.9251195797922 
28.3593804687 1.57079632679 -15.5850892114264 
28.7268743887 0.197567486278 -16.0046662428483 
28.5937546875 0.0 -15.8520561425786 
28.3593804687 0.0 -15.5850892114264 
29.0008994306 0.495813549143 -16.3210433557128 
28.9453160156 0.237173604211 -16.2566263848879 
28.8281289063 0.0 -16.1212203247073 
29.101022574 0.68998818516 -16.4373902970320 
29.2968773438 0.898334561786 -16.6661404418946 
29.0271530338 1.06162152547 -16.3515122649638 
28.8281289062 1.1780972451 -16.1212203247073 
28.9802561475 1.35359350033 -16.2971049274954 
28.8281289063 1.57079632679 -16.1212203247073 
28.5937546875 1.57079632679 -15.8520561425786 
29.2968773438 0.280854291532 -16.6661404418946 
29.2950574326 0.589594426659 -16.6640077995979 
29.5069445746 0.742720860214 -16.9131955625584 
29.6709065796 0.981747704247 -17.1072539450536 
29.4400208325 1.13676175072 -16.8342965323641 
29.1796902344 1.23456544429 -16.5290864434816 
29.062503125 1.57079632679 -16.3925817578127 
29.062503125 0.0 -16.3925817578127 
29.5928552569 0.495813549143 -17.0147416450786 
29.759686854 0.692261960986 -17.2127792329958 
30.0 0.785398163397 -17.5000000000000 
30.0 1.1780972451 -17.5000000000000 
29.7037767286 1.30062016366 -17.1462870388883 
29.3736605973 1.35549778112 -16.7562387377647 
29.2968773437 1.57079632679 -16.6661404418946 
29.2968773437 0.0 -16.6661404418946 
29.5250633457 0.277910417736 -16.9345873113878 
30.0 0.392699081699 -17.5000000000000 
29.753229285 0.273688800722 -17.2050930577149 
29.5312515625 0.0 -16.9418963769532 
30.0 0.589048622548 -17.5000000000000 
30.0 1.57079632679 -17.5000000000000 
29.7656257813 1.57079632679 -17.2198495629883 
29.5312515625 1.57079632679 -16.9418963769532 
30.0 0.0 -17.5000000000000 
29.7656257813 0.0 -17.2198495629883 
