0.0001 0.0 0.45
0.23447421875 0.0 0.449219399701
0.0001 0.196349540849 0.450000000001
0.4688484375 0.0 0.446892370672
0.351661328125 0.237173604211 0.448248822453
0.0001 0.392699081699 0.450000000001
0.70322265625 0.0 0.443039170491
0.627126792783 0.290823648662 0.44445569464
0.407244743132 0.495813549143 0.447653204686
0.261283208032 0.721604459303 0.449031486993
0.0001 0.785398163397 0.44999999999
0.856678970292 0.224749414498 0.439706885242
0.937596875 0.0 0.43769750818
0.650753614563 0.626837262411 0.444033428281
0.873531184219 0.463026583999 0.439303509317
0.486478251116 0.799403482968 0.446656006013
0.329193420445 0.981747704247 0.448464882902
0.0001 1.1780972451 0.449999999982
1.17197109375 0.242958595617 0.430919625669
1.21473172681 0.537085767268 0.429532943344
1.04502194304 0.781089566696 0.434767143014
0.837055109009 0.731651679124 0.440169448539
0.70322265625 0.898334561786 0.443040822135
0.560079167497 1.13676175072 0.44557380572
0.296323271368 1.30062016366 0.448755355342
0.0001 1.57079632679 0.449999999977
1.17197109375 0.0 0.430918824761
1.47452347009 0.392699081699 0.420152674645
1.4063453125 0.785398163397 0.422771355978
1.32095187928 1.00072309369 0.425895319324
0.931600198125 1.00727490726 0.437855418992
0.820409765625 1.23456544429 0.440554545157
0.586035546875 1.36882286901 0.445156476552
0.4688484375 1.57079632679 0.446893738123
0.23447421875 1.57079632679 0.449219399758
1.4063453125 0.0 0.422769503954
1.55337776805 0.19455353042 0.416991438298
1.62458098349 0.572347438742 0.414018517633
1.70530332119 0.792062467163 0.410513757323
1.55158050635 0.979105961225 0.417068802145
1.54601152772 1.22114926097 0.417298428622
1.17197109375 1.1780972451 0.430923627283
1.0198438525 1.35359350033 0.435484203531
0.937596875 1.57079632679 0.437702130867
0.70322265625 1.57079632679 0.443042144601
1.75790664062 0.254948895148 0.408151705854
1.64071953125 0.0 0.413328628333
1.85252033187 0.519107951721 0.403764444061
2.00370018048 0.772578672023 0.396382398432
1.87509375 1.03821590344 0.40269367165
1.8077352081 1.30450611512 0.405870222257
1.64071953125 1.57079632679 0.413336149278
1.4063453125 1.57079632679 0.422776553145
1.17197109375 1.57079632679 0.430925137756
1.28915820312 1.37444678595 0.427016825083
1.87509375 0.0 0.40268960598
2.02691718162 0.224192491299 0.395209006774
2.23885622128 0.392699081699 0.384056954594
2.3438421875 0.0 0.378255798924
2.10946796875 0.0 0.390959355095
2.17980586303 0.618869128918 0.38724289124
2.3438421875 0.785398163397 0.378257567366
2.16697573637 1.01843197284 0.387933093702
2.10575414703 1.30450611512 0.391161696663
1.87509375 1.57079632679 0.402698552744
2.57821640625 0.249853011699 0.36470710805
2.49707280582 0.531612672133 0.369483847999
2.65462978069 0.785040054852 0.360135157351
2.49943308787 0.956277323503 0.369352824227
2.43459376322 1.1780972451 0.373109996882
2.3438421875 1.57079632679 0.378265581955
2.10946796875 1.57079632679 0.390968438646
2.57821640625 0.0 0.364708634883
2.79001720687 0.519107951721 0.351850814979
3.04300646657 0.638731833492 0.335889095595
2.92063761244 0.264743203687 0.343683195245
2.812590625 0.0 0.350453803527
2.812590625 1.03821590344 0.350461353994
3.04336352989 0.905129850698 0.335873062297
2.67812521129 1.25551939703 0.358718743838
2.57821640625 1.57079632679 0.364718163515
3.17635309628 0.392699081699 0.327272709132
3.04696484375 0.0 0.335639722801
3.2813390625 0.785398163397 0.320418371183
3.19058748678 1.1780972451 0.326358334743
2.92892803676 1.30450611512 0.34316983069
2.812590625 1.57079632679 0.350463057331
3.41362377316 0.539649309896 0.311699031965
3.2813390625 0.0 0.320419732703
3.51571328125 0.249853011699 0.304944718238
3.72751408187 0.519107951721 0.290874682534
3.57367796372 0.76828526454 0.301102235705
3.4402382675 1.02895504021 0.309955545547
3.51571328125 1.30979740149 0.304954732166
3.2813390625 1.57079632679 0.32042558757
3.04696484375 1.57079632679 0.335647515224
3.51571328125 0.0 0.304949664079
3.7500875 0.0 0.289389333675
3.85813448744 0.264743203687 0.282225271743
3.98050334157 0.638731833492 0.274146558114
3.79895727883 0.77217441443 0.286147492349
3.7500875 1.03821590344 0.289399443166
3.86642491176 1.30450611512 0.281686215775
3.7500875 1.57079632679 0.289390294778
3.51571328125 1.57079632679 0.304953489511
3.98446171875 0.0 0.273900746914
4.11384997128 0.392699081699 0.26542182049
4.35112064816 0.539649309896 0.250158797338
4.2188359375 0.785398163397 0.258640711194
4.12808436178 1.1780972451 0.264518908504
3.98086040489 0.905129850698 0.274144371534
3.98446171875 1.57079632679 0.273898185047
4.2188359375 0.0 0.258642002115
4.45321015625 0.249853011699 0.243766748708
4.66501095687 0.519107951721 0.230757371514
4.51117483872 0.76828526454 0.240171604045
4.3777351425 1.02895504021 0.24852055154
4.45321015625 1.30979740149 0.243769628281
4.2188359375 1.57079632679 0.258634667655
4.45321015625 0.0 0.243770905921
4.68560863992 0.233000351578 0.229576966078
4.91566696598 0.269962953953 0.216245277646
5.00294431272 0.543114793976 0.211347041946
4.86256466775 0.801684974721 0.219266162321
4.687584375 1.03821590344 0.229469902894
4.80392178676 1.30450611512 0.222613326667
4.687584375 1.57079632679 0.229433821058
4.45321015625 1.57079632679 0.243759023073
4.687584375 0.0 0.229450719793
4.92195859375 0.0 0.215876468071
5.1563328125 0.0 0.203292685481
5.24708438822 0.392699081699 0.198686800252
5.1563328125 0.785398163397 0.203318187408
5.06558123678 1.1780972451 0.208040989189
4.90944482757 1.01935458738 0.216604059722
4.92195859375 1.57079632679 0.215855546282
5.47478340856 0.253362669643 0.187833966341
5.39070703125 0.0 0.191742538585
5.40322079743 0.551441739415 0.191111035326
5.45010095725 0.769111352074 0.188962764959
5.30972131228 1.02768153282 0.195630673148
5.39699865902 1.30083337284 0.19143210277
5.1563328125 1.57079632679 0.203271687482
5.62508125 0.0 0.181114247258
5.74141866176 0.266290211677 0.176146781415
5.62508125 0.532580423354 0.181082632608
5.69131470039 0.810820161614 0.178260611437
5.64765466813 1.05168837507 0.180134363449
5.76906068298 1.3170124963 0.174985142583
5.62508125 1.57079632679 0.181093791028
5.39070703125 1.57079632679 0.191718976053
5.85945546875 0.0 0.171307390715
6.00307811178 0.392699081699 0.16564932036
5.8756376705 0.628985932907 0.170636058583
5.89097752214 0.952448027098 0.170047009679
6.02565152991 1.1780972451 0.164794315941
5.97664257812 1.38887378842 0.166669235869
5.85945546875 1.57079632679 0.171289572443
6.0938296875 0.0 0.162231522549
6.32820390625 0.249853011699 0.153806792695
6.25523017902 0.525186102268 0.156350276388
6.0938296875 0.785398163397 0.162225447958
6.27254438665 1.0597729083 0.155752173751
6.32820390625 1.32783773118 0.15380008791
6.0938296875 1.57079632679 0.162215984628
6.32820390625 0.0 0.153809872894
6.55432412895 0.227111038902 0.146238006377
6.54000470687 0.519107951721 0.146692378925
6.38341330263 0.809443495621 0.151908535982
6.562578125 1.03821590344 0.145971478984
6.56322577482 1.33564568693 0.145944261395
6.32820390625 1.57079632679 0.15379667609
6.562578125 0.0 0.145973862747
6.79695234375 0.0 0.138665256827
6.77761666593 0.269395733214 0.1392455686
6.85380332985 0.552309709244 0.13695648925
6.67175237575 0.77342368069 0.142501090364
6.85623163481 1.0217165479 0.136891715754
6.79695234375 1.30979740149 0.138657959357
6.79695234375 1.57079632679 0.138655872901
6.562578125 1.57079632679 0.145962840577
7.0313265625 0.0 0.131833268799
7.14851367188 0.181922538373 0.128579705183
7.09950472009 0.392699081699 0.129922467666
7.0313265625 0.785398163397 0.131828386817
7.18260275067 0.957274440506 0.127652428808
7.12207813822 1.1780972451 0.129301707316
7.0313265625 1.57079632679 0.131824985761
7.26570078125 0.0 0.125432013336
7.35609556702 0.253783830499 0.123067599792
7.25078090826 0.568703270133 0.125820797412
7.33387893884 0.785398163397 0.123641395841
7.500075 1.03821590344 0.119421536452
7.38373758824 1.30450611512 0.122354358838
7.26570078125 1.57079632679 0.125425322231
7.500075 0.0 0.119423153817
7.72815759098 0.269962953953 0.113916987879
7.47750158187 0.519107951721 0.119980381425
7.67505529275 0.801684974721 0.115169195912
7.72193545257 1.01935458738 0.114063304895
7.65037284144 1.31743365715 0.115755590964
7.500075 1.57079632679 0.119417364393
7.73444921875 0.0 0.11377206141
7.9688234375 0.0 0.108447604342
8.05957501322 0.392699081699 0.106464679242
7.81543493772 0.543114793976 0.111892300364
7.9688234375 0.785398163397 0.108444647268
7.87807186178 1.1780972451 0.110469571583
7.9688234375 1.57079632679 0.108443018622
7.73444921875 1.57079632679 0.113766542921
8.20319765625 0.0 0.103422137753
8.32038476562 0.265472325799 0.101012291278
8.21599771332 0.550668104726 0.103152482855
8.26207414786 0.768151978893 0.102201155553
8.12622109645 1.02860803744 0.105039497531
8.19297767623 1.31215920811 0.103632267189
8.20319765625 1.57079632679 0.103418090177
8.437571875 0.0 0.0986713815725
8.59403386235 0.227667855877 0.0956408598551
8.437571875 0.532580423354 0.0986686097021
8.53744122117 0.790139312964 0.0967231815351
8.41499845687 1.05168837507 0.0991159926429
8.42888201458 1.28838120763 0.0988402601105
8.437571875 1.57079632679 0.0986679666468
8.67194609375 0.0 0.0941735247323
8.9063203125 0.0 0.0899095965688
8.81556873678 0.392699081699 0.0915324868577
8.67343006765 0.589267383347 0.0941434813761
8.9063203125 0.785398163397 0.0899079211021
8.70858952431 1.00697733144 0.0934907786979
8.66565446598 1.30083337284 0.0942888413938
8.67194609375 1.57079632679 0.0941707430809
9.14069453125 0.249853011699 0.0858604597182
9.06772080402 0.525186102268 0.0870977068193
9.21572047339 0.785100387369 0.0846066494306
9.06118515697 0.956445112837 0.0872101115827
8.99707188822 1.1780972451 0.0883156890401
8.9063203125 1.57079632679 0.0899068577703
9.14069453125 0.0 0.0858611340389
9.35249533187 0.519107951721 0.0823733539731
9.37309301492 0.233000351578 0.0820435502147
9.37506875 0.0 0.0820125043382
9.37506875 1.03821590344 0.0820115236243
9.55004904275 0.801684974721 0.0792596995704
9.22477090856 1.31743365715 0.0844566991158
9.14069453125 1.57079632679 0.0858589990107
9.60315134098 0.269962953953 0.0784447167343
9.69042868772 0.543114793976 0.0771230181144
9.8438171875 0.785398163397 0.0748575969652
9.59692920257 1.01935458738 0.0785394548723
9.49140616176 1.30450611512 0.0801703107646
9.37506875 1.57079632679 0.0820104530697
9.60944296875 0.0 0.0783493578767
9.93456876322 0.392699081699 0.0735500669907
10.0910933549 0.550392766272 0.0713487077574
10.1368837417 0.767810535661 0.0707174973771
10.0027163925 1.02895504021 0.0725832722853
9.75306561178 1.1780972451 0.076189371491
9.60944296875 1.57079632679 0.0783474014222
9.8438171875 0.0 0.0748587317301
10.1962282132 0.266290211677 0.0699083353666
10.0781914063 0.0 0.0715286184124
10.312565625 0.532580423354 0.0683473150966
10.4889751613 0.802511062255 0.0660464873787
10.3351390431 1.05168837507 0.0680486710018
10.0781914063 1.30979740149 0.0715274122416
9.8438171875 1.57079632679 0.0748569021933
10.312565625 0.0 0.0683482161706
10.5469398438 0.2609989253 0.0653074028299
10.6224148575 0.541841286586 0.064356198417
10.7813140625 0.785398163397 0.0623976386235
10.5570113453 1.01659100429 0.0651793944139
10.456545058 1.3170124963 0.0664634519662
10.312565625 1.57079632679 0.0683469003201
10.0781914063 1.57079632679 0.0715270254635
10.5469398438 0.0 0.0653078603067
10.7813140625 0.0 0.0623984199382
10.8720656382 0.392699081699 0.061304773609
10.9995060795 0.628985932907 0.0597994834244
11.1625464336 0.813882836145 0.0579238708016
10.9561175489 1.05713408784 0.0603080071378
10.7131359049 1.1780972451 0.0632307797064
10.6641269531 1.38887378842 0.0638361525834
10.5469398438 1.57079632679 0.0653065800575
11.0156882813 0.0 0.0596116090693
11.1155970863 0.315276929763 0.058458717237
11.2500625 0.532580423354 0.0569392973281
11.4086414557 0.79952101054 0.0551933298563
11.2274890819 1.05168837507 0.0571917006156
11.0208963807 1.3207168408 0.0595500893966
10.7813140625 1.57079632679 0.0623971023527
11.2500625 0.0 0.0569398694107
11.3663999118 0.266290211677 0.0556540147328
11.5557031811 0.616256126084 0.0536166559319
11.7188109375 0.785398163397 0.0519138649502
11.4512794568 1.02130330323 0.0547319689168
11.3581094874 1.30605312311 0.0557441893934
11.2500625 1.57079632679 0.0569388345054
11.0156882813 1.57079632679 0.0596104419609
11.4844367188 0.0 0.054376231122
11.6280593618 0.392699081699 0.0528555808806
11.863389373 0.545150773301 0.050443427511
12.0177025051 0.77926439903 0.0489125651493
11.8608177775 1.03374617536 0.050469160253
11.6138249713 1.1780972451 0.0530042656257
11.4844367188 1.57079632679 0.0543752826056
11.7188109375 0.0 0.0519143582727
11.9429651762 0.258637118681 0.0496494320535
12.1649859569 0.519107951721 0.0474875436894
12.3714491551 0.818204022226 0.0455464766473
12.187559375 1.03821590344 0.0472720019005
11.9531851562 1.30450611512 0.0495476793801
11.7188109375 1.57079632679 0.0519134754901
11.9531851562 0.0 0.0495482922943
12.1735376248 0.23171500732 0.0474061241889
12.4025979159 0.269395733214 0.0452594930588
12.4787845798 0.552309709244 0.0445626275168
12.6563078125 0.785398163397 0.0429717082567
12.5655562368 1.1780972451 0.0437792641426
12.3038967868 1.30450611512 0.0461742621781
12.187559375 1.57079632679 0.047271798878
11.9531851562 1.57079632679 0.0495474843511
12.187559375 0.0 0.0472725164132
12.4219335937 0.0 0.0450820202013
12.6563078125 0.0 0.0429721218738
12.803340268 0.19455353042 0.0416875259502
12.7244859701 0.392699081699 0.042372619072
12.8804012066 0.554831255346 0.0410257288452
12.9490876692 0.769024095006 0.040442571974
12.8118979438 1.02819032324 0.041613310504
12.894395853 1.30450611512 0.0409062342259
12.6563078125 1.57079632679 0.042971403073
12.4219335937 1.57079632679 0.0450813036278
12.8906820312 0.0 0.0409383383482
13.0078691406 0.254948895148 0.0399486610765
13.1024828319 0.519107951721 0.0391623998105
13.3000365428 0.801684974721 0.0375567706356
13.12505625 1.03821590344 0.0389763728874
13.2413936618 1.30450611512 0.0380282603315
13.12505625 1.57079632679 0.0389762068781
12.8906820312 1.57079632679 0.0409377308195
13.12505625 0.0 0.0389767474584
13.353138841 0.269962953953 0.0371334196557
13.4404161877 0.543114793976 0.0364444341268
13.5938046875 0.785398163397 0.0352550152456
13.5030531118 1.1780972451 0.0359553080745
13.3469167026 1.01935458738 0.037182612376
13.3594304688 1.57079632679 0.0370830335478
13.3594304688 0.0 0.0370835981871
13.5938046875 0.0 0.035255340374
13.6845562632 0.392699081699 0.0345639914878
13.8410808549 0.550392766272 0.0333929128263
13.8868712417 0.767810535661 0.033055233332
13.7527038925 1.02895504021 0.0340506832388
13.8281789063 1.30979740149 0.0334882589933
13.5938046875 1.57079632679 0.0352547792718
13.8281789063 0.0 0.0334886677751
13.9462157132 0.266290211677 0.0326211647899
14.062553125 0.532580423354 0.0317803233468
14.2389626613 0.802511062255 0.0305314938657
14.0851265431 1.05168837507 0.0316186652825
14.206532558 1.3170124963 0.0307586345271
14.062553125 1.57079632679 0.0317800901774
13.8281789063 1.57079632679 0.0334881591646
14.062553125 0.0 0.031780529968
14.2969273438 0.2609989253 0.0301280064944
14.3724023575 0.541841286586 0.029607194802
14.5313015625 0.785398163397 0.0285284754901
14.4631234049 1.1780972451 0.0289882804555
14.3069988453 1.01659100429 0.0300579830046
14.2969273438 1.57079632679 0.0301276828929
14.4141144531 1.38887378842 0.0293215564153
14.2969273438 0.0 0.0301281231598
14.5313015625 0.0 0.0285287364987
14.6220531382 0.392699081699 0.0279230368809
14.7494935795 0.628985932907 0.0270850004526
14.9125339336 0.813882836145 0.0260337778887
14.7061050489 1.05713408784 0.02736855968
14.7708838807 1.3207168408 0.0269456362864
14.5313015625 1.57079632679 0.028528274517
14.7656757812 0.0 0.0269798524623
14.8655845863 0.315276929763 0.0263342839353
15.00005 0.532580423354 0.0254789663687
15.1586289557 0.79952101054 0.024489706995
14.9774765819 1.05168837507 0.0256213299083
15.1080969874 1.30605312311 0.0248025627375
15.00005 1.57079632679 0.0254787355426
14.7656757812 1.57079632679 0.0269794288417
15.00005 0.0 0.0254791229905
15.1163874118 0.266290211677 0.0247513346337
15.3056906811 0.616256126084 0.0235906207202
15.4687984375 0.785398163397 0.0226132645697
15.2012669568 1.02130330323 0.0242271608577
15.3638124713 1.1780972451 0.0232398508776
15.2344242188 1.57079632679 0.0240239747889
15.2344242188 0.0 0.024024337866
15.3780468618 0.392699081699 0.0231545841828
15.613376873 0.545150773301 0.021764021127
15.7676900051 0.77926439903 0.0208745818163
15.6108052775 1.03374617536 0.021778873291
15.7031726562 1.30450611512 0.0212442317768
15.4687984375 1.57079632679 0.0226131036494
15.4687984375 0.0 0.0226134504126
15.6929526762 0.258637118681 0.0213033121122
15.9149734569 0.519107951721 0.0200417881049
16.1214366551 0.818204022226 0.0188997467986
15.937546875 1.03821590344 0.0199153752861
16.0538842868 1.30450611512 0.0192700863409
15.937546875 1.57079632679 0.0199153175543
15.7031726562 1.57079632679 0.0212441688598
15.7031726562 0.0 0.0212444945048
15.9235251248 0.23171500732 0.0199939958798
16.1525854159 0.269395733214 0.018730117383
16.2287720798 0.552309709244 0.0183175281779
16.4062953125 0.785398163397 0.0173711461969
16.3155437368 1.1780972451 0.0178522804877
16.1719210938 1.57079632679 0.0186247978175
15.937546875 0.0 0.0199156149311
16.1719210938 0.0 0.0186250975756
16.4062953125 0.0 0.0173713114846
16.5234824219 0.181922538373 0.016757658595
16.4744734701 0.392699081699 0.0170131804568
16.6303887066 0.554831255346 0.0162052987814
16.6990751692 0.769024095006 0.0158541482225
16.5618854438 1.02819032324 0.0165582641723
16.644383353 1.30450611512 0.0161334121827
16.4062953125 1.57079632679 0.0173710078287
16.6406695312 0.0 0.0161526685698
16.731064317 0.253783830499 0.0156917255914
16.8524703319 0.519107951721 0.0150803462022
16.9241640248 0.772174078681 0.0147234293489
16.87504375 1.03821590344 0.0149675500114
16.9913811618 1.30450611512 0.0143914725626
16.87504375 1.57079632679 0.0149675122452
16.6406695312 1.57079632679 0.0161524030804
16.87504375 0.0 0.0149677553108
17.0069992951 0.242596383348 0.0143149314114
17.2388062213 0.392699081699 0.0131922211963
17.1054595916 0.638731833492 0.0138342775656
17.1058166549 0.905129850698 0.0138324998952
17.2530406118 1.1780972451 0.0131241225357
17.1094179688 1.57079632679 0.013814944699
17.1094179688 0.0 0.0138151793784
17.3437921875 0.0 0.0126936437003
17.5781664062 0.249853011699 0.0116019151134
17.4760768982 0.539649309896 0.0120737899756
17.3437921875 0.785398163397 0.012693537908
17.5026913925 1.02895504021 0.0119501366589
17.5781664062 1.30979740149 0.0116017251216
17.3437921875 1.57079632679 0.0126934212529
17.5781664062 0.0 0.011601914418
17.812540625 0.0 0.0105388129891
17.9205876124 0.264743203687 0.0100580331074
17.7899672069 0.519107951721 0.0106399025265
17.6361310887 0.76828526454 0.0113362622864
17.812540625 1.03821590344 0.010538648517
17.8110168771 1.3364324135 0.0105454379185
17.5781664062 1.57079632679 0.0116017019368
18.0469148438 0.0 0.00950321978026
18.1763030963 0.392699081699 0.00894287870956
18.117252738 0.618869128918 0.00919756299944
17.9411470555 0.772578672023 0.00996711589448
18.1044226114 1.01843197284 0.00925305309608
18.043201022 1.30450611512 0.00951923287421
18.0469148438 1.57079632679 0.00950302376694
17.812540625 1.57079632679 0.0105386038893
18.2812890625 0.0 0.00849409741565
18.4950847125 0.267540360333 0.0075958020736
18.4427492377 0.548995123317 0.0078137204935
18.2812890625 0.785398163397 0.00849399548075
18.4469406182 0.953952336335 0.00779615523024
18.3720406382 1.1780972451 0.00811009882462
18.2812890625 1.57079632679 0.0084939150845
18.5156632812 0.0 0.0075104415894
18.7367337068 0.242571045685 0.00660508408607
18.7274640819 0.519107951721 0.00664257404398
18.6113654533 0.784201281158 0.00711578163153
18.7500375 1.03821590344 0.00655116059729
18.6337000882 1.30450611512 0.00702422172077
18.5156632812 1.57079632679 0.00751026528754
18.7500375 0.0 0.00655129567711
18.9844117188 0.0 0.0056157631565
18.978120091 0.269962953953 0.00564055090835
19.0653974377 0.543114793976 0.00529776650565
18.9250177928 0.801684974721 0.00585055699383
18.9718979526 1.01935458738 0.00566499868239
18.8845029137 1.25551939703 0.00601157253685
18.7500375 1.57079632679 0.00655112084976
19.2187859375 0.0 0.00470298219837
19.3095375132 0.392699081699 0.00435544404567
19.2187859375 0.785398163397 0.00470288336544
19.1280343618 1.1780972451 0.00505361652177
18.9844117188 1.57079632679 0.00561558963868
19.4531601563 0.0 0.00381212613636
19.5703472656 0.265472325799 0.00337464981608
19.4654959542 0.551922657257 0.00376577222963
19.5128757372 0.769707731329 0.00358846605384
19.3767109062 1.0308478063 0.00410022574823
19.4429401762 1.31215920811 0.00385037790881
19.2187859375 1.57079632679 0.00470281013029
19.687534375 0.0 0.00294241431369
19.8439963624 0.227667855877 0.00237319781721
19.687534375 0.532580423354 0.00294236318072
19.7882540256 0.789653543554 0.00257489466942
19.6649609569 1.05168837507 0.00302516159728
19.6788445146 1.28838120763 0.002974148524
19.687534375 1.57079632679 0.00294226396354
19.4531601563 1.57079632679 0.00381196099714
19.9219085937 0.0 0.00209310370584
20.1562828125 0.0 0.00126351200563
20.0655312368 0.392699081699 0.00158241784878
19.9231251175 0.588544661432 0.00208869495152
20.1562828125 0.785398163397 0.00126343179531
19.9585520243 1.00697733144 0.00196202166138
19.915616966 1.30083337284 0.00211550791471
19.9219085937 1.57079632679 0.00209297211739
20.3906570313 0.249853011699 0.000452915137097
20.317683304 0.525186102268 0.000703265251063
20.4656829734 0.785100387369 0.000197285131368
20.311147657 0.956445112837 0.000725721766953
20.2470343882 1.1780972451 0.000947307902983
20.1562828125 1.57079632679 0.0012633782206
20.3906570313 0.0 0.000452929690721
20.6024578319 0.519107951721 -0.000263806410613
20.6230555149 0.233000351578 -0.000332695760321
20.62503125 0.0 -0.000339281367875
20.62503125 1.03821590344 -0.000339373094339
20.8000115428 0.801684974721 -0.000919198776285
20.5086938382 1.30450611512 5.15677385743e-05
20.3906570313 1.57079632679 0.000452799668001
20.853113841 0.269962953953 -0.00109319293626
20.9403911877 0.543114793976 -0.00137736390384
21.0937796875 0.785398163397 -0.00187109384822
20.9589558061 1.0110734016 -0.00143754299016
20.8423411172 1.30450611512 -0.00105805631973
20.62503125 1.57079632679 -0.000339408150285
20.8594054687 0.0 -0.00111373534128
21.1845312632 0.392699081699 -0.00215977922102
21.3119717045 0.628985932907 -0.00256113797772
21.2966318529 0.952448027098 -0.00251311244932
21.1619578451 1.1780972451 -0.00208826814926
21.2152679776 1.38705346509 -0.00225710777772
21.0937796875 1.57079632679 -0.00187112879048
20.8594054687 1.57079632679 -0.0011138537542
21.0937796875 0.0 -0.00187101778295
21.4461907132 0.266290211677 -0.00297863325416
21.562528125 0.532580423354 -0.00333636073502
21.4919829282 0.821391934696 -0.003119942585
21.5399547069 1.05168837507 -0.00326730416764
21.4138642038 1.30300460403 -0.00287863640452
21.3281539063 1.57079632679 -0.00261181266333
21.3281539063 0.0 -0.00261170037287
21.562528125 0.0 -0.00333632401994
21.7969023437 0.2609989253 -0.00404541778024
21.8723773575 0.541841286586 -0.00427054925195
21.7269621677 0.810324006976 -0.00383546236421
21.9262905963 1.1780972451 -0.004430453763
21.6905554648 1.32456119379 -0.00372565336514
21.562528125 1.57079632679 -0.00333642913062
21.7969023437 0.0 -0.0040453950914
22.0312765625 0.0 -0.00473941442475
22.1220281382 0.392699081699 -0.00500422507477
22.0312765625 0.785398163397 -0.0047394750388
22.1682650573 1.03240454803 -0.00513835773857
22.2633395752 1.29837228628 -0.00541231524581
22.0312765625 1.57079632679 -0.00473951770592
21.7969023437 1.57079632679 -0.00404550043352
22.2656507813 0.0 -0.00541885802437
22.3836875882 0.266290211677 -0.00575568517143
22.2747524498 0.560662141322 -0.00544499402455
22.3312116399 0.780545439031 -0.00560642724508
22.5225984181 1.05168837507 -0.00614760069453
22.644004433 1.3170124963 -0.00648616326294
22.500025 1.57079632679 -0.0060842649713
22.2656507813 1.57079632679 -0.00541895334624
22.500025 0.0 -0.00608418119303
22.6570260977 0.227148929247 -0.00652219558096
22.500025 0.532580423354 -0.00608421635222
22.575098227 0.799402825202 -0.00629443035386
22.7659212721 0.952448027098 -0.00682249410164
22.9005952799 1.1780972451 -0.00718989497764
22.8515863281 1.38887378842 -0.00705671120821
22.7343992187 1.57079632679 -0.00673589448969
22.7343992187 0.0 -0.00673581923082
22.9687734375 0.0 -0.00737417376991
22.8780218618 0.392699081699 -0.00712856007822
22.7505814205 0.628985932907 -0.00678034645195
22.9687734375 0.785398163397 -0.00737421652631
23.1523570974 1.04993511695 -0.00786524656124
23.2031476562 1.32783773118 -0.00799974246277
22.9687734375 1.57079632679 -0.00737425808818
23.2031476562 0.249853011699 -0.00799966830363
23.1237357547 0.542751089516 -0.00778917787856
23.2677314462 0.792062467163 -0.00816985611708
23.437521875 1.03821590344 -0.00861272574355
23.4367125155 1.3370512162 -0.00861065094511
23.2031476563 1.57079632679 -0.00799974384449
23.2031476563 0.0 -0.00799966430672
23.4149484569 0.519107951721 -0.00855419186718
23.5661283055 0.772578672023 -0.00894390925698
23.7294038614 1.01843197284 -0.00935924339932
23.668182272 1.30450611512 -0.00920420617858
23.6718960938 1.57079632679 -0.00921363430752
23.437521875 1.57079632679 -0.0086127462381
23.5455688624 0.264743203687 -0.0088911744812
23.437521875 0.0 -0.00861267055872
23.8012843463 0.392699081699 -0.00954024624303
23.6718960938 0.0 -0.00921356553286
23.742233988 0.618869128918 -0.00939161422697
23.9062703125 0.785398163397 -0.00980273377691
24.0618612129 0.956277323503 -0.0101875171533
23.9970218882 1.1780972451 -0.0100277851342
23.9062703125 1.57079632679 -0.00980276137129
24.1406445313 0.249853011699 -0.0103804150359
24.0595009308 0.531612672133 -0.0101816918208
24.2170579057 0.785040054852 -0.0105663888453
24.37501875 1.03821590344 -0.0109470787642
24.2586813382 1.30450611512 -0.0106672054053
24.1406445313 1.57079632679 -0.0103804732219
23.9062703125 0.0 -0.00980269870308
24.3524453319 0.519107951721 -0.0108929592683
24.3730430149 0.233000351578 -0.0109423126393
24.1406445313 0.0 -0.0103804126907
24.5499990428 0.801684974721 -0.0113630669845
24.6742683277 1.04441577957 -0.0116549311654
24.5923286172 1.30450611512 -0.0114628359515
24.37501875 1.57079632679 -0.0109470979292
24.603101341 0.269962953953 -0.0114881161927
24.6903786877 0.543114793976 -0.0116925337451
24.8437671875 0.785398163397 -0.0120483086331
25.0466193529 0.952448027098 -0.0125121193899
24.9119453451 1.1780972451 -0.0122050451988
24.9652554776 1.38705346509 -0.0123270069879
24.8437671875 1.57079632679 -0.0120483250418
24.6093929688 1.57079632679 -0.011502946865
24.37501875 0.0 -0.0109470391331
24.6093929688 0.0 -0.0115028924943
24.9345187632 0.392699081699 -0.0122567124318
25.0619592045 0.628985932907 -0.0125468740522
25.2552257522 0.797580450193 -0.0129813181649
25.2899422069 1.05168837507 -0.0130586628617
25.1638517038 1.30300460403 -0.0127767752336
25.0781414063 1.57079632679 -0.0125835339595
24.8437671875 0.0 -0.0120482746642
25.0781414063 0.0 -0.0125834826386
25.1780502113 0.315276929763 -0.0128086144644
25.312515625 0.532580423354 -0.0131088160929
25.5045538811 0.737484245273 -0.0135320622737
25.5835332743 1.00697733144 -0.0137042972581
25.540598216 1.30083337284 -0.0136108188639
25.312515625 1.57079632679 -0.0131088462885
25.312515625 0.0 -0.0131087972195
25.4288530368 0.266290211677 -0.0133659671877
25.6905124868 0.392699081699 -0.0139358683997
25.7812640625 0.785398163397 -0.0141308441174
25.9419246502 0.955105734029 -0.0144726578038
25.8720156382 1.1780972451 -0.0143244493557
25.7812640625 1.57079632679 -0.0141308598739
25.5468898438 1.57079632679 -0.0136245335611
25.5468898438 0.0 -0.0136244905137
25.7812640625 0.0 -0.0141308222283
26.0054183012 0.258637118681 -0.0146065533058
25.9391890312 0.539948520491 -0.0144668581581
26.1017571271 0.784618012262 -0.0148085281146
26.2500125 1.03821590344 -0.0151164324943
26.1155470863 1.25551939703 -0.0148373274537
26.0156382812 1.57079632679 -0.0146280807073
26.0156382812 0.0 -0.0146280453475
26.2423924058 0.237769080112 -0.0151006679951
26.2274390819 0.519107951721 -0.0150697603577
26.4249927928 0.801684974721 -0.0154753861666
26.4718729526 1.01935458738 -0.0155707606642
26.3663499118 1.30450611512 -0.0153556286982
26.2500125 1.57079632679 -0.0151164380252
26.2500125 0.0 -0.0151164048785
26.4843867188 0.0 -0.0155961340034
26.478095091 0.269962953953 -0.0155833718293
26.5653724377 0.543114793976 -0.0157599469953
26.7187609375 0.785398163397 -0.0160674768002
26.6280093618 1.1780972451 -0.0158859698717
26.4843867188 1.57079632679 -0.0155961667855
26.7187609375 0.0 -0.0160674586709
26.8095125132 0.392699081699 -0.0162477552132
26.9654709542 0.551922657257 -0.0165547642848
27.0128507372 0.769707731329 -0.0166473356194
26.8766859062 1.0308478063 -0.0163804393836
26.9429151762 1.31215920811 -0.0165106003315
26.7187609375 1.57079632679 -0.0160674903553
26.9531351562 0.0 -0.016530600146
27.0703222656 0.265472325799 -0.016759172791
27.187509375 0.532580423354 -0.0169857784614
27.2882290256 0.789653543554 -0.0171789873421
27.1649359569 1.05168837507 -0.0169422931562
27.1788195146 1.28838120763 -0.0169690590126
27.187509375 1.57079632679 -0.0169857946621
26.9531351562 1.57079632679 -0.0165306294624
27.187509375 0.0 -0.0169857701547
27.3439713624 0.227667855877 -0.0172852962838
27.4231001175 0.588544661432 -0.0174354822926
27.6562578125 0.785398163397 -0.0178730064148
27.4585270243 1.00697733144 -0.0175024478804
27.415591966 1.30083337284 -0.0174212838857
27.4218835937 1.57079632679 -0.0174331909378
27.4218835937 0.0 -0.0174331724962
27.6562578125 0.0 -0.0178729966209
27.5655062368 0.392699081699 -0.017703581744
27.817658304 0.525186102268 -0.0181715834258
27.9656579734 0.785100387369 -0.0184423524235
27.8976882976 1.00460696062 -0.0183183633945
27.7470093882 1.1780972451 -0.0180413235977
27.6562578125 1.57079632679 -0.0178730148507
27.8906320313 0.249853011699 -0.0183054414542
28.1024328319 0.519107951721 -0.0186900472198
28.2343003349 0.792693645833 -0.0189265912446
28.12500625 1.03821590344 -0.0187307054652
28.0086688382 1.30450611512 -0.0185205131892
27.8906320313 1.57079632679 -0.0183054585065
27.8906320313 0.0 -0.0183054420786
28.1051783646 0.216254170468 -0.0186949882707
28.3159982607 0.268350069437 -0.0190720279838
28.3905052801 0.574001188058 -0.0192039471411
28.5937546875 0.785398163397 -0.0195603093771
28.4176843787 0.969222741608 -0.0192519001361
28.4540884723 1.22114926097 -0.0193159810134
28.2491868187 1.35798609731 -0.0189531638167
28.12500625 1.57079632679 -0.0187307055204
28.12500625 0.0 -0.018730692071
28.6210015903 0.392699081699 -0.0196076940634
28.7686135136 0.600235724296 -0.0198628666532
28.9473470936 0.845269477812 -0.0201683552009
28.6516819264 1.0171157163 -0.0196609536204
28.6575640798 1.34258941394 -0.0196711479124
28.3593804687 1.57079632679 -0.0191489343002
28.7268743887 0.197567486278 -0.0197909746488
28.5937546875 0.0 -0.0195603015268
28.3593804687 0.0 -0.0191489217394
29.0008994306 0.495813549143 -0.0202591555226
28.9453160156 0.237173604211 -0.020164901895
28.8281289063 0.0 -0.0199650064106
29.101022574 0.68998818516 -0.0204280213832
29.2968773438 0.898334561786 -0.0207550131607
29.0271530338 1.06162152547 -0.0203035509169
28.8281289062 1.1780972451 -0.0199650138746
28.9802561475 1.35359350033 -0.0202241976479
28.8281289063 1.57079632679 -0.0199650131977
28.5937546875 1.57079632679 -0.0195603115865
29.2968773438 0.280854291532 -0.0207550098136
29.2950574326 0.589594426659 -0.0207519943041
29.5069445746 0.742720860214 -0.0211009124906
29.6709065796 0.981747704247 -0.0213675020777
29.4400208325 1.13676175072 -0.0209912526254
29.1796902344 1.23456544429 -0.020559890462
29.062503125 1.57079632679 -0.0203631965533
29.062503125 0.0 -0.0203631915446
29.5928552569 0.495813549143 -0.021240960439
29.759686854 0.692261960986 -0.0215106219743
30.0 0.785398163397 -0.0218937847127
30.0 1.1780972451 -0.0218937847127
29.7037767286 1.30062016366 -0.0214205917642
29.3736605973 1.35549778112 -0.0208820212272
29.2968773437 1.57079632679 -0.0207550154118
29.2968773437 0.0 -0.0207550113809
29.5250633457 0.277910417736 -0.021130516025
30.0 0.392699081699 -0.0218937847127
29.753229285 0.273688800722 -0.0215002393734
29.5312515625 0.0 -0.0211406201149
30.0 0.589048622548 -0.0218937847127
30.0 1.57079632679 -0.0218937847127
29.7656257813 1.57079632679 -0.0215201680915
29.5312515625 1.57079632679 -0.0211406249253
30.0 0.0 -0.0218937847127
29.7656257813 0.0 -0.0215201642498
