0.0001 0.0 0.00263460500159 0.0008107303504
0.23447421875 0.0 0.00262954649354 0.000807255739778
0.0001 0.196349540849 0.00263460500159 0.0008107303504
0.4688484375 0.0 0.00261440956637 0.000796858419585
0.351661328125 0.237173604211 0.0026232336231 0.000802919527117
0.0001 0.392699081699 0.00263460500159 0.0008107303504
0.70322265625 0.0 0.00258928379934 0.000779599920425
0.627126792783 0.290823648662 0.00259852873529 0.000785950123353
0.407244743132 0.495813549143 0.00261936061097 0.000800259215233
0.261283208032 0.721604459303 0.0026283243699 0.000806416282032
0.0001 0.785398163397 0.00263460500159 0.0008107303504
0.856678970292 0.224749414498 0.00256741366587 0.000765039602545
0.937596875 0.0 0.0025541326577 0.000756570084026
0.650753614563 0.626837262411 0.00259576974442 0.000784055015374
0.873531184219 0.463026583999 0.00256474369557 0.000763336918332
0.486478251116 0.799403482968 0.0026128655119 0.000795797832554
0.329193420445 0.981747704247 0.00262463888531 0.000803884779901
0.0001 1.1780972451 0.00263460500159 0.0008107303504
1.17197109375 0.242958595617 0.00250916483772 0.000727893361661
1.21473172681 0.537085767268 0.0024999325757 0.00072200579551
1.04502194304 0.781089566696 0.00253471297009 0.000744185828127
0.837055109009 0.731651679124 0.00257045892453 0.000766981614344
0.70322265625 0.898334561786 0.00258928379934 0.000779599920425
0.560079167497 1.13676175072 0.00260580977473 0.00079095135627
0.296323271368 1.30062016366 0.00262652827264 0.000805182570717
0.0001 1.57079632679 0.00263460500159 0.0008107303504
1.17197109375 0.0 0.00250916483772 0.000727893361661
1.47452347009 0.392699081699 0.00243718511696 0.000681990703517
1.4063453125 0.785398163397 0.00245474581709 0.000693189452363
1.32095187928 1.00072309369 0.00247564879326 0.00070651962591
0.931600198125 1.00727490726 0.00255515675009 0.00075722316468
0.820409765625 1.23456544429 0.00257298804394 0.000768594475616
0.586035546875 1.36882286901 0.00260308738103 0.000789081386313
0.4688484375 1.57079632679 0.00261440956637 0.000796858419585
0.23447421875 1.57079632679 0.00262954649354 0.000807255739778
1.4063453125 0.0 0.00245474581709 0.000693189452363
1.55337776805 0.19455353042 0.00241592139312 0.00066843047522
1.62458098349 0.572347438742 0.00239585347214 0.000655632830179
1.70530332119 0.792062467163 0.00237212102972 0.000640498259224
1.55158050635 0.979105961225 0.00241641733133 0.000668746743218
1.54601152772 1.22114926097 0.00241795071027 0.000669724604324
1.17197109375 1.1780972451 0.00250916483772 0.000727893361661
1.0198438525 1.35359350033 0.00253944647118 0.000747204460042
0.937596875 1.57079632679 0.0025541326577 0.000756570084026
0.70322265625 1.57079632679 0.00258928379934 0.000779599920425
1.75790664062 0.254948895148 0.0023558880127 0.000630945474002
1.64071953125 0.0 0.00239119169598 0.000652659938435
1.85252033187 0.519107951721 0.00232559030012 0.000613125390084
2.00370018048 0.772578672023 0.00227431118642 0.000582964759735
1.87509375 1.03821590344 0.0023181556447 0.000608752578662
1.8077352081 1.30450611512 0.00234010631804 0.000621663218042
1.64071953125 1.57079632679 0.00239119169598 0.000652659938435
1.4063453125 1.57079632679 0.00245474581709 0.000693189452363
1.17197109375 1.57079632679 0.00250916483772 0.000727893361661
1.28915820312 1.37444678595 0.00248311818327 0.000711282979426
1.87509375 0.0 0.0023181556447 0.000608752578662
2.02691718162 0.224192491299 0.00226613000444 0.000578152866786
2.23885622128 0.392699081699 0.00218779563902 0.000532079257698
2.3438421875 0.0 0.0021462024571 0.000509229566657
2.10946796875 0.0 0.00223639412695 0.000560663235157
2.17980586303 0.618869128918 0.00221027265376 0.000545299473186
2.3438421875 0.785398163397 0.0021462024571 0.000509229566657
2.16697573637 1.01843197284 0.00221509059535 0.000548133222535
2.10575414703 1.30450611512 0.00223775339759 0.000561462711911
1.87509375 1.57079632679 0.0023181556447 0.000608752578662
2.57821640625 0.249853011699 0.00204749102078 0.000456647950395
2.49707280582 0.531612672133 0.00208249518971 0.000475293974062
2.65462978069 0.785040054852 0.00201375146242 0.000438675559587
2.49943308787 0.956277323503 0.00208148919057 0.000474758098355
2.43459376322 1.1780972451 0.00210885524889 0.000489335452623
2.3438421875 1.57079632679 0.0021462024571 0.000509229566657
2.10946796875 1.57079632679 0.00223639412695 0.000560663235157
2.57821640625 0.0 0.00204749102078 0.000456647950395
2.79001720687 0.519107951721 0.00195095823117 0.000406758254371
3.04300646657 0.638731833492 0.00182561789149 0.000345628259914
2.92063761244 0.264743203687 0.00188718552153 0.000375655535193
2.812590625 0.0 0.00194008537711 0.00040145543239
2.812590625 1.03821590344 0.00194008537711 0.00040145543239
3.04336352989 0.905129850698 0.00182543574978 0.000345539427207
2.67812521129 1.25551939703 0.00200322909184 0.000433070502331
2.57821640625 1.57079632679 0.00204749102078 0.000456647950395
3.17635309628 0.392699081699 0.00175556115129 0.00031434496022
3.04696484375 0.0 0.00182359788618 0.000344643078973
3.2813390625 0.785398163397 0.00169868177289 0.000289962492736
3.19058748678 1.1780972451 0.00174791735724 0.000311068297128
2.92892803676 1.30450611512 0.00188306900429 0.000373647860116
2.812590625 1.57079632679 0.00194008537711 0.00040145543239
3.41362377316 0.539649309896 0.00162524384057 0.000258656908037
3.2813390625 0.0 0.00169868177289 0.000289962492736
3.51571328125 0.249853011699 0.00156446057071 0.000235727816797
3.72751408187 0.519107951721 0.00143398833415 0.000187932296793
3.57367796372 0.76828526454 0.00152950547495 0.000222541810486
3.4402382675 1.02895504021 0.00160949624895 0.00025271649111
3.51571328125 1.30979740149 0.00156446057071 0.000235727816797
3.2813390625 1.57079632679 0.00169868177289 0.000289962492736
3.04696484375 1.57079632679 0.00182359788618 0.000344643078973
3.51571328125 0.0 0.00156446057071 0.000235727816797
3.7500875 0.0 0.00141927224837 0.000183176414845
3.85813448744 0.264743203687 0.00134823936453 0.000160220309861
3.98050334157 0.638731833492 0.00126453643997 0.000134928562527
3.79895727883 0.77217441443 0.00138726385114 0.000172832077298
3.7500875 1.03821590344 0.00141927224837 0.000183176414845
3.86642491176 1.30450611512 0.00134274968808 0.000158446179598
3.7500875 1.57079632679 0.00141927224837 0.000183176414845
3.51571328125 1.57079632679 0.00156446057071 0.000235727816797
3.98446171875 0.0 0.00126169472551 0.000134162131359
4.11384997128 0.392699081699 0.00116816356229 0.000108936092848
4.35112064816 0.539649309896 0.00097953004244 6.66194520806e-05
4.2188359375 0.785398163397 0.00108696799498 8.97383228197e-05
4.12808436178 1.1780972451 0.00115780082415 0.000106141186612
3.98086040489 0.905129850698 0.00126428015437 0.000134859440426
3.98446171875 1.57079632679 0.00126169472551 0.000134162131359
4.2188359375 0.0 0.00108696799498 8.97383228197e-05
4.45321015625 0.249853011699 0.00088675784049 5.08694338528e-05
4.66501095687 0.519107951721 0.000665565824508 2.21929066436e-05
4.51117483872 0.76828526454 0.000833145227867 4.1994758237e-05
4.3777351425 1.02895504021 0.000955407854536 6.25242070482e-05
4.45321015625 1.30979740149 0.00088675784049 5.08694338528e-05
4.2188359375 1.57079632679 0.00108696799498 8.97383228197e-05
4.45321015625 0.0 0.00088675784049 5.08694338528e-05
4.68560863992 0.233000351578 0.000638975879887 1.99395559719e-05
4.91566696598 0.269962953953 0.000210506264163 1.00616277003e-06
5.00294431272 0.543114793976 0.0 0.0
4.86256466775 0.801684974721 0.000350007736426 3.7676665462e-06
4.687584375 1.03821590344 0.000636424062841 1.97233035978e-05
4.80392178676 1.30450611512 0.000467043859363 8.20072275795e-06
4.687584375 1.57079632679 0.000636424062841 1.97233035978e-05
4.45321015625 1.57079632679 0.00088675784049 5.08694338528e-05
4.687584375 0.0 0.000636424062841 1.97233035978e-05
4.92195859375 0.0 0.000171303227949 7.03228841592e-07
5.1563328125 0.0 0.0 0.0
5.24708438822 0.392699081699 0.0 0.0
5.1563328125 0.785398163397 0.0 0.0
5.06558123678 1.1780972451 0.0 0.0
4.90944482757 1.01935458738 0.000228697218194 1.23045279642e-06
4.92195859375 1.57079632679 0.000171303227949 7.03228841592e-07
5.47478340856 0.253362669643 0.0 0.0
5.39070703125 0.0 0.0 0.0
5.40322079743 0.551441739415 0.0 0.0
5.45010095725 0.769111352074 0.0 0.0
5.30972131228 1.02768153282 0.0 0.0
5.39699865902 1.30083337284 0.0 0.0
5.1563328125 1.57079632679 0.0 0.0
5.62508125 0.0 0.0 0.0
5.74141866176 0.266290211677 0.0 0.0
5.62508125 0.532580423354 0.0 0.0
5.69131470039 0.810820161614 0.0 0.0
5.64765466813 1.05168837507 0.0 0.0
5.76906068298 1.3170124963 0.0 0.0
5.62508125 1.57079632679 0.0 0.0
5.39070703125 1.57079632679 0.0 0.0
5.85945546875 0.0 0.0 0.0
6.00307811178 0.392699081699 0.0 0.0
5.8756376705 0.628985932907 0.0 0.0
5.89097752214 0.952448027098 0.0 0.0
6.02565152991 1.1780972451 0.0 0.0
5.97664257812 1.38887378842 0.0 0.0
5.85945546875 1.57079632679 0.0 0.0
6.0938296875 0.0 0.0 0.0
6.32820390625 0.249853011699 0.0 0.0
6.25523017902 0.525186102268 0.0 0.0
6.0938296875 0.785398163397 0.0 0.0
6.27254438665 1.0597729083 0.0 0.0
6.32820390625 1.32783773118 0.0 0.0
6.0938296875 1.57079632679 0.0 0.0
6.32820390625 0.0 0.0 0.0
6.55432412895 0.227111038902 0.0 0.0
6.54000470687 0.519107951721 0.0 0.0
6.38341330263 0.809443495621 0.0 0.0
6.562578125 1.03821590344 0.0 0.0
6.56322577482 1.33564568693 0.0 0.0
6.32820390625 1.57079632679 0.0 0.0
6.562578125 0.0 0.0 0.0
6.79695234375 0.0 0.0 0.0
6.77761666593 0.269395733214 0.0 0.0
6.85380332985 0.552309709244 0.0 0.0
6.67175237575 0.77342368069 0.0 0.0
6.85623163481 1.0217165479 0.0 0.0
6.79695234375 1.30979740149 0.0 0.0
6.79695234375 1.57079632679 0.0 0.0
6.562578125 1.57079632679 0.0 0.0
7.0313265625 0.0 0.0 0.0
7.14851367188 0.181922538373 0.0 0.0
7.09950472009 0.392699081699 0.0 0.0
7.0313265625 0.785398163397 0.0 0.0
7.18260275067 0.957274440506 0.0 0.0
7.12207813822 1.1780972451 0.0 0.0
7.0313265625 1.57079632679 0.0 0.0
7.26570078125 0.0 0.0 0.0
7.35609556702 0.253783830499 0.0 0.0
7.25078090826 0.568703270133 0.0 0.0
7.33387893884 0.785398163397 0.0 0.0
7.500075 1.03821590344 0.0 0.0
7.38373758824 1.30450611512 0.0 0.0
7.26570078125 1.57079632679 0.0 0.0
7.500075 0.0 0.0 0.0
7.72815759098 0.269962953953 0.0 0.0
7.47750158187 0.519107951721 0.0 0.0
7.67505529275 0.801684974721 0.0 0.0
7.72193545257 1.01935458738 0.0 0.0
7.65037284144 1.31743365715 0.0 0.0
7.500075 1.57079632679 0.0 0.0
7.73444921875 0.0 0.0 0.0
7.9688234375 0.0 0.0 0.0
8.05957501322 0.392699081699 0.0 0.0
7.81543493772 0.543114793976 0.0 0.0
7.9688234375 0.785398163397 0.0 0.0
7.87807186178 1.1780972451 0.0 0.0
7.9688234375 1.57079632679 0.0 0.0
7.73444921875 1.57079632679 0.0 0.0
8.20319765625 0.0 0.0 0.0
8.32038476562 0.265472325799 0.0 0.0
8.21599771332 0.550668104726 0.0 0.0
8.26207414786 0.768151978893 0.0 0.0
8.12622109645 1.02860803744 0.0 0.0
8.19297767623 1.31215920811 0.0 0.0
8.20319765625 1.57079632679 0.0 0.0
8.437571875 0.0 0.0 0.0
8.59403386235 0.227667855877 0.0 0.0
8.437571875 0.532580423354 0.0 0.0
8.53744122117 0.790139312964 0.0 0.0
8.41499845687 1.05168837507 0.0 0.0
8.42888201458 1.28838120763 0.0 0.0
8.437571875 1.57079632679 0.0 0.0
8.67194609375 0.0 0.0 0.0
8.9063203125 0.0 0.0 0.0
8.81556873678 0.392699081699 0.0 0.0
8.67343006765 0.589267383347 0.0 0.0
8.9063203125 0.785398163397 0.0 0.0
8.70858952431 1.00697733144 0.0 0.0
8.66565446598 1.30083337284 0.0 0.0
8.67194609375 1.57079632679 0.0 0.0
9.14069453125 0.249853011699 0.0 0.0
9.06772080402 0.525186102268 0.0 0.0
9.21572047339 0.785100387369 0.0 0.0
9.06118515697 0.956445112837 0.0 0.0
8.99707188822 1.1780972451 0.0 0.0
8.9063203125 1.57079632679 0.0 0.0
9.14069453125 0.0 0.0 0.0
9.35249533187 0.519107951721 0.0 0.0
9.37309301492 0.233000351578 0.0 0.0
9.37506875 0.0 0.0 0.0
9.37506875 1.03821590344 0.0 0.0
9.55004904275 0.801684974721 0.0 0.0
9.22477090856 1.31743365715 0.0 0.0
9.14069453125 1.57079632679 0.0 0.0
9.60315134098 0.269962953953 0.0 0.0
9.69042868772 0.543114793976 0.0 0.0
9.8438171875 0.785398163397 0.0 0.0
9.59692920257 1.01935458738 0.0 0.0
9.49140616176 1.30450611512 0.0 0.0
9.37506875 1.57079632679 0.0 0.0
9.60944296875 0.0 0.0 0.0
9.93456876322 0.392699081699 0.0 0.0
10.0910933549 0.550392766272 0.0 0.0
10.1368837417 0.767810535661 0.0 0.0
10.0027163925 1.02895504021 0.0 0.0
9.75306561178 1.1780972451 0.0 0.0
9.60944296875 1.57079632679 0.0 0.0
9.8438171875 0.0 0.0 0.0
10.1962282132 0.266290211677 0.0 0.0
10.0781914063 0.0 0.0 0.0
10.312565625 0.532580423354 0.0 0.0
10.4889751613 0.802511062255 0.0 0.0
10.3351390431 1.05168837507 0.0 0.0
10.0781914063 1.30979740149 0.0 0.0
9.8438171875 1.57079632679 0.0 0.0
10.312565625 0.0 0.0 0.0
10.5469398438 0.2609989253 0.0 0.0
10.6224148575 0.541841286586 0.0 0.0
10.7813140625 0.785398163397 0.0 0.0
10.5570113453 1.01659100429 0.0 0.0
10.456545058 1.3170124963 0.0 0.0
10.312565625 1.57079632679 0.0 0.0
10.0781914063 1.57079632679 0.0 0.0
10.5469398438 0.0 0.0 0.0
10.7813140625 0.0 0.0 0.0
10.8720656382 0.392699081699 0.0 0.0
10.9995060795 0.628985932907 0.0 0.0
11.1625464336 0.813882836145 0.0 0.0
10.9561175489 1.05713408784 0.0 0.0
10.7131359049 1.1780972451 0.0 0.0
10.6641269531 1.38887378842 0.0 0.0
10.5469398438 1.57079632679 0.0 0.0
11.0156882813 0.0 0.0 0.0
11.1155970863 0.315276929763 0.0 0.0
11.2500625 0.532580423354 0.0 0.0
11.4086414557 0.79952101054 0.0 0.0
11.2274890819 1.05168837507 0.0 0.0
11.0208963807 1.3207168408 0.0 0.0
10.7813140625 1.57079632679 0.0 0.0
11.2500625 0.0 0.0 0.0
11.3663999118 0.266290211677 0.0 0.0
11.5557031811 0.616256126084 0.0 0.0
11.7188109375 0.785398163397 0.0 0.0
11.4512794568 1.02130330323 0.0 0.0
11.3581094874 1.30605312311 0.0 0.0
11.2500625 1.57079632679 0.0 0.0
11.0156882813 1.57079632679 0.0 0.0
11.4844367188 0.0 0.0 0.0
11.6280593618 0.392699081699 0.0 0.0
11.863389373 0.545150773301 0.0 0.0
12.0177025051 0.77926439903 0.0 0.0
11.8608177775 1.03374617536 0.0 0.0
11.6138249713 1.1780972451 0.0 0.0
11.4844367188 1.57079632679 0.0 0.0
11.7188109375 0.0 0.0 0.0
11.9429651762 0.258637118681 0.0 0.0
12.1649859569 0.519107951721 0.0 0.0
12.3714491551 0.818204022226 0.0 0.0
12.187559375 1.03821590344 0.0 0.0
11.9531851562 1.30450611512 0.0 0.0
11.7188109375 1.57079632679 0.0 0.0
11.9531851562 0.0 0.0 0.0
12.1735376248 0.23171500732 0.0 0.0
12.4025979159 0.269395733214 0.0 0.0
12.4787845798 0.552309709244 0.0 0.0
12.6563078125 0.785398163397 0.0 0.0
12.5655562368 1.1780972451 0.0 0.0
12.3038967868 1.30450611512 0.0 0.0
12.187559375 1.57079632679 0.0 0.0
11.9531851562 1.57079632679 0.0 0.0
12.187559375 0.0 0.0 0.0
12.4219335937 0.0 0.0 0.0
12.6563078125 0.0 0.0 0.0
12.803340268 0.19455353042 0.0 0.0
12.7244859701 0.392699081699 0.0 0.0
12.8804012066 0.554831255346 0.0 0.0
12.9490876692 0.769024095006 0.0 0.0
12.8118979438 1.02819032324 0.0 0.0
12.894395853 1.30450611512 0.0 0.0
12.6563078125 1.57079632679 0.0 0.0
12.4219335937 1.57079632679 0.0 0.0
12.8906820312 0.0 0.0 0.0
13.0078691406 0.254948895148 0.0 0.0
13.1024828319 0.519107951721 0.0 0.0
13.3000365428 0.801684974721 0.0 0.0
13.12505625 1.03821590344 0.0 0.0
13.2413936618 1.30450611512 0.0 0.0
13.12505625 1.57079632679 0.0 0.0
12.8906820312 1.57079632679 0.0 0.0
13.12505625 0.0 0.0 0.0
13.353138841 0.269962953953 0.0 0.0
13.4404161877 0.543114793976 0.0 0.0
13.5938046875 0.785398163397 0.0 0.0
13.5030531118 1.1780972451 0.0 0.0
13.3469167026 1.01935458738 0.0 0.0
13.3594304688 1.57079632679 0.0 0.0
13.3594304688 0.0 0.0 0.0
13.5938046875 0.0 0.0 0.0
13.6845562632 0.392699081699 0.0 0.0
13.8410808549 0.550392766272 0.0 0.0
13.8868712417 0.767810535661 0.0 0.0
13.7527038925 1.02895504021 0.0 0.0
13.8281789063 1.30979740149 0.0 0.0
13.5938046875 1.57079632679 0.0 0.0
13.8281789063 0.0 0.0 0.0
13.9462157132 0.266290211677 0.0 0.0
14.062553125 0.532580423354 0.0 0.0
14.2389626613 0.802511062255 0.0 0.0
14.0851265431 1.05168837507 0.0 0.0
14.206532558 1.3170124963 0.0 0.0
14.062553125 1.57079632679 0.0 0.0
13.8281789063 1.57079632679 0.0 0.0
14.062553125 0.0 0.0 0.0
14.2969273438 0.2609989253 0.0 0.0
14.3724023575 0.541841286586 0.0 0.0
14.5313015625 0.785398163397 0.0 0.0
14.4631234049 1.1780972451 0.0 0.0
14.3069988453 1.01659100429 0.0 0.0
14.2969273438 1.57079632679 0.0 0.0
14.4141144531 1.38887378842 0.0 0.0
14.2969273438 0.0 0.0 0.0
14.5313015625 0.0 0.0 0.0
14.6220531382 0.392699081699 0.0 0.0
14.7494935795 0.628985932907 0.0 0.0
14.9125339336 0.813882836145 0.0 0.0
14.7061050489 1.05713408784 0.0 0.0
14.7708838807 1.3207168408 0.0 0.0
14.5313015625 1.57079632679 0.0 0.0
14.7656757812 0.0 0.0 0.0
14.8655845863 0.315276929763 0.0 0.0
15.00005 0.532580423354 0.0 0.0
15.1586289557 0.79952101054 0.0 0.0
14.9774765819 1.05168837507 0.0 0.0
15.1080969874 1.30605312311 0.0 0.0
15.00005 1.57079632679 0.0 0.0
14.7656757812 1.57079632679 0.0 0.0
15.00005 0.0 0.0 0.0
15.1163874118 0.266290211677 0.0 0.0
15.3056906811 0.616256126084 0.0 0.0
15.4687984375 0.785398163397 0.0 0.0
15.2012669568 1.02130330323 0.0 0.0
15.3638124713 1.1780972451 0.0 0.0
15.2344242188 1.57079632679 0.0 0.0
15.2344242188 0.0 0.0 0.0
15.3780468618 0.392699081699 0.0 0.0
15.613376873 0.545150773301 0.0 0.0
15.7676900051 0.77926439903 0.0 0.0
15.6108052775 1.03374617536 0.0 0.0
15.7031726562 1.30450611512 0.0 0.0
15.4687984375 1.57079632679 0.0 0.0
15.4687984375 0.0 0.0 0.0
15.6929526762 0.258637118681 0.0 0.0
15.9149734569 0.519107951721 0.0 0.0
16.1214366551 0.818204022226 0.0 0.0
15.937546875 1.03821590344 0.0 0.0
16.0538842868 1.30450611512 0.0 0.0
15.937546875 1.57079632679 0.0 0.0
15.7031726562 1.57079632679 0.0 0.0
15.7031726562 0.0 0.0 0.0
15.9235251248 0.23171500732 0.0 0.0
16.1525854159 0.269395733214 0.0 0.0
16.2287720798 0.552309709244 0.0 0.0
16.4062953125 0.785398163397 0.0 0.0
16.3155437368 1.1780972451 0.0 0.0
16.1719210938 1.57079632679 0.0 0.0
15.937546875 0.0 0.0 0.0
16.1719210938 0.0 0.0 0.0
16.4062953125 0.0 0.0 0.0
16.5234824219 0.181922538373 0.0 0.0
16.4744734701 0.392699081699 0.0 0.0
16.6303887066 0.554831255346 0.0 0.0
16.6990751692 0.769024095006 0.0 0.0
16.5618854438 1.02819032324 0.0 0.0
16.644383353 1.30450611512 0.0 0.0
16.4062953125 1.57079632679 0.0 0.0
16.6406695312 0.0 0.0 0.0
16.731064317 0.253783830499 0.0 0.0
16.8524703319 0.519107951721 0.0 0.0
16.9241640248 0.772174078681 0.0 0.0
16.87504375 1.03821590344 0.0 0.0
16.9913811618 1.30450611512 0.0 0.0
16.87504375 1.57079632679 0.0 0.0
16.6406695312 1.57079632679 0.0 0.0
16.87504375 0.0 0.0 0.0
17.0069992951 0.242596383348 0.0 0.0
17.2388062213 0.392699081699 0.0 0.0
17.1054595916 0.638731833492 0.0 0.0
17.1058166549 0.905129850698 0.0 0.0
17.2530406118 1.1780972451 0.0 0.0
17.1094179688 1.57079632679 0.0 0.0
17.1094179688 0.0 0.0 0.0
17.3437921875 0.0 0.0 0.0
17.5781664062 0.249853011699 0.0 0.0
17.4760768982 0.539649309896 0.0 0.0
17.3437921875 0.785398163397 0.0 0.0
17.5026913925 1.02895504021 0.0 0.0
17.5781664062 1.30979740149 0.0 0.0
17.3437921875 1.57079632679 0.0 0.0
17.5781664062 0.0 0.0 0.0
17.812540625 0.0 0.0 0.0
17.9205876124 0.264743203687 0.0 0.0
17.7899672069 0.519107951721 0.0 0.0
17.6361310887 0.76828526454 0.0 0.0
17.812540625 1.03821590344 0.0 0.0
17.8110168771 1.3364324135 0.0 0.0
17.5781664062 1.57079632679 0.0 0.0
18.0469148438 0.0 0.0 0.0
18.1763030963 0.392699081699 0.0 0.0
18.117252738 0.618869128918 0.0 0.0
17.9411470555 0.772578672023 0.0 0.0
18.1044226114 1.01843197284 0.0 0.0
18.043201022 1.30450611512 0.0 0.0
18.0469148438 1.57079632679 0.0 0.0
17.812540625 1.57079632679 0.0 0.0
18.2812890625 0.0 0.0 0.0
18.4950847125 0.267540360333 0.0 0.0
18.4427492377 0.548995123317 0.0 0.0
18.2812890625 0.785398163397 0.0 0.0
18.4469406182 0.953952336335 0.0 0.0
18.3720406382 1.1780972451 0.0 0.0
18.2812890625 1.57079632679 0.0 0.0
18.5156632812 0.0 0.0 0.0
18.7367337068 0.242571045685 0.0 0.0
18.7274640819 0.519107951721 0.0 0.0
18.6113654533 0.784201281158 0.0 0.0
18.7500375 1.03821590344 0.0 0.0
18.6337000882 1.30450611512 0.0 0.0
18.5156632812 1.57079632679 0.0 0.0
18.7500375 0.0 0.0 0.0
18.9844117188 0.0 0.0 0.0
18.978120091 0.269962953953 0.0 0.0
19.0653974377 0.543114793976 0.0 0.0
18.9250177928 0.801684974721 0.0 0.0
18.9718979526 1.01935458738 0.0 0.0
18.8845029137 1.25551939703 0.0 0.0
18.7500375 1.57079632679 0.0 0.0
19.2187859375 0.0 0.0 0.0
19.3095375132 0.392699081699 0.0 0.0
19.2187859375 0.785398163397 0.0 0.0
19.1280343618 1.1780972451 0.0 0.0
18.9844117188 1.57079632679 0.0 0.0
19.4531601563 0.0 0.0 0.0
19.5703472656 0.265472325799 0.0 0.0
19.4654959542 0.551922657257 0.0 0.0
19.5128757372 0.769707731329 0.0 0.0
19.3767109062 1.0308478063 0.0 0.0
19.4429401762 1.31215920811 0.0 0.0
19.2187859375 1.57079632679 0.0 0.0
19.687534375 0.0 0.0 0.0
19.8439963624 0.227667855877 0.0 0.0
19.687534375 0.532580423354 0.0 0.0
19.7882540256 0.789653543554 0.0 0.0
19.6649609569 1.05168837507 0.0 0.0
19.6788445146 1.28838120763 0.0 0.0
19.687534375 1.57079632679 0.0 0.0
19.4531601563 1.57079632679 0.0 0.0
19.9219085937 0.0 0.0 0.0
20.1562828125 0.0 0.0 0.0
20.0655312368 0.392699081699 0.0 0.0
19.9231251175 0.588544661432 0.0 0.0
20.1562828125 0.785398163397 0.0 0.0
19.9585520243 1.00697733144 0.0 0.0
19.915616966 1.30083337284 0.0 0.0
19.9219085937 1.57079632679 0.0 0.0
20.3906570313 0.249853011699 0.0 0.0
20.317683304 0.525186102268 0.0 0.0
20.4656829734 0.785100387369 0.0 0.0
20.311147657 0.956445112837 0.0 0.0
20.2470343882 1.1780972451 0.0 0.0
20.1562828125 1.57079632679 0.0 0.0
20.3906570313 0.0 0.0 0.0
20.6024578319 0.519107951721 0.0 0.0
20.6230555149 0.233000351578 0.0 0.0
20.62503125 0.0 0.0 0.0
20.62503125 1.03821590344 0.0 0.0
20.8000115428 0.801684974721 0.0 0.0
20.5086938382 1.30450611512 0.0 0.0
20.3906570313 1.57079632679 0.0 0.0
20.853113841 0.269962953953 0.0 0.0
20.9403911877 0.543114793976 0.0 0.0
21.0937796875 0.785398163397 0.0 0.0
20.9589558061 1.0110734016 0.0 0.0
20.8423411172 1.30450611512 0.0 0.0
20.62503125 1.57079632679 0.0 0.0
20.8594054687 0.0 0.0 0.0
21.1845312632 0.392699081699 0.0 0.0
21.3119717045 0.628985932907 0.0 0.0
21.2966318529 0.952448027098 0.0 0.0
21.1619578451 1.1780972451 0.0 0.0
21.2152679776 1.38705346509 0.0 0.0
21.0937796875 1.57079632679 0.0 0.0
20.8594054687 1.57079632679 0.0 0.0
21.0937796875 0.0 0.0 0.0
21.4461907132 0.266290211677 0.0 0.0
21.562528125 0.532580423354 0.0 0.0
21.4919829282 0.821391934696 0.0 0.0
21.5399547069 1.05168837507 0.0 0.0
21.4138642038 1.30300460403 0.0 0.0
21.3281539063 1.57079632679 0.0 0.0
21.3281539063 0.0 0.0 0.0
21.562528125 0.0 0.0 0.0
21.7969023437 0.2609989253 0.0 0.0
21.8723773575 0.541841286586 0.0 0.0
21.7269621677 0.810324006976 0.0 0.0
21.9262905963 1.1780972451 0.0 0.0
21.6905554648 1.32456119379 0.0 0.0
21.562528125 1.57079632679 0.0 0.0
21.7969023437 0.0 0.0 0.0
22.0312765625 0.0 0.0 0.0
22.1220281382 0.392699081699 0.0 0.0
22.0312765625 0.785398163397 0.0 0.0
22.1682650573 1.03240454803 0.0 0.0
22.2633395752 1.29837228628 0.0 0.0
22.0312765625 1.57079632679 0.0 0.0
21.7969023437 1.57079632679 0.0 0.0
22.2656507813 0.0 0.0 0.0
22.3836875882 0.266290211677 0.0 0.0
22.2747524498 0.560662141322 0.0 0.0
22.3312116399 0.780545439031 0.0 0.0
22.5225984181 1.05168837507 0.0 0.0
22.644004433 1.3170124963 0.0 0.0
22.500025 1.57079632679 0.0 0.0
22.2656507813 1.57079632679 0.0 0.0
22.500025 0.0 0.0 0.0
22.6570260977 0.227148929247 0.0 0.0
22.500025 0.532580423354 0.0 0.0
22.575098227 0.799402825202 0.0 0.0
22.7659212721 0.952448027098 0.0 0.0
22.9005952799 1.1780972451 0.0 0.0
22.8515863281 1.38887378842 0.0 0.0
22.7343992187 1.57079632679 0.0 0.0
22.7343992187 0.0 0.0 0.0
22.9687734375 0.0 0.0 0.0
22.8780218618 0.392699081699 0.0 0.0
22.7505814205 0.628985932907 0.0 0.0
22.9687734375 0.785398163397 0.0 0.0
23.1523570974 1.04993511695 0.0 0.0
23.2031476562 1.32783773118 0.0 0.0
22.9687734375 1.57079632679 0.0 0.0
23.2031476562 0.249853011699 0.0 0.0
23.1237357547 0.542751089516 0.0 0.0
23.2677314462 0.792062467163 0.0 0.0
23.437521875 1.03821590344 0.0 0.0
23.4367125155 1.3370512162 0.0 0.0
23.2031476563 1.57079632679 0.0 0.0
23.2031476563 0.0 0.0 0.0
23.4149484569 0.519107951721 0.0 0.0
23.5661283055 0.772578672023 0.0 0.0
23.7294038614 1.01843197284 0.0 0.0
23.668182272 1.30450611512 0.0 0.0
23.6718960938 1.57079632679 0.0 0.0
23.437521875 1.57079632679 0.0 0.0
23.5455688624 0.264743203687 0.0 0.0
23.437521875 0.0 0.0 0.0
23.8012843463 0.392699081699 0.0 0.0
23.6718960938 0.0 0.0 0.0
23.742233988 0.618869128918 0.0 0.0
23.9062703125 0.785398163397 0.0 0.0
24.0618612129 0.956277323503 0.0 0.0
23.9970218882 1.1780972451 0.0 0.0
23.9062703125 1.57079632679 0.0 0.0
24.1406445313 0.249853011699 0.0 0.0
24.0595009308 0.531612672133 0.0 0.0
24.2170579057 0.785040054852 0.0 0.0
24.37501875 1.03821590344 0.0 0.0
24.2586813382 1.30450611512 0.0 0.0
24.1406445313 1.57079632679 0.0 0.0
23.9062703125 0.0 0.0 0.0
24.3524453319 0.519107951721 0.0 0.0
24.3730430149 0.233000351578 0.0 0.0
24.1406445313 0.0 0.0 0.0
24.5499990428 0.801684974721 0.0 0.0
24.6742683277 1.04441577957 0.0 0.0
24.5923286172 1.30450611512 0.0 0.0
24.37501875 1.57079632679 0.0 0.0
24.603101341 0.269962953953 0.0 0.0
24.6903786877 0.543114793976 0.0 0.0
24.8437671875 0.785398163397 0.0 0.0
25.0466193529 0.952448027098 0.0 0.0
24.9119453451 1.1780972451 0.0 0.0
24.9652554776 1.38705346509 0.0 0.0
24.8437671875 1.57079632679 0.0 0.0
24.6093929688 1.57079632679 0.0 0.0
24.37501875 0.0 0.0 0.0
24.6093929688 0.0 0.0 0.0
24.9345187632 0.392699081699 0.0 0.0
25.0619592045 0.628985932907 0.0 0.0
25.2552257522 0.797580450193 0.0 0.0
25.2899422069 1.05168837507 0.0 0.0
25.1638517038 1.30300460403 0.0 0.0
25.0781414063 1.57079632679 0.0 0.0
24.8437671875 0.0 0.0 0.0
25.0781414063 0.0 0.0 0.0
25.1780502113 0.315276929763 0.0 0.0
25.312515625 0.532580423354 0.0 0.0
25.5045538811 0.737484245273 0.0 0.0
25.5835332743 1.00697733144 0.0 0.0
25.540598216 1.30083337284 0.0 0.0
25.312515625 1.57079632679 0.0 0.0
25.312515625 0.0 0.0 0.0
25.4288530368 0.266290211677 0.0 0.0
25.6905124868 0.392699081699 0.0 0.0
25.7812640625 0.785398163397 0.0 0.0
25.9419246502 0.955105734029 0.0 0.0
25.8720156382 1.1780972451 0.0 0.0
25.7812640625 1.57079632679 0.0 0.0
25.5468898438 1.57079632679 0.0 0.0
25.5468898438 0.0 0.0 0.0
25.7812640625 0.0 0.0 0.0
26.0054183012 0.258637118681 0.0 0.0
25.9391890312 0.539948520491 0.0 0.0
26.1017571271 0.784618012262 0.0 0.0
26.2500125 1.03821590344 0.0 0.0
26.1155470863 1.25551939703 0.0 0.0
26.0156382812 1.57079632679 0.0 0.0
26.0156382812 0.0 0.0 0.0
26.2423924058 0.237769080112 0.0 0.0
26.2274390819 0.519107951721 0.0 0.0
26.4249927928 0.801684974721 0.0 0.0
26.4718729526 1.01935458738 0.0 0.0
26.3663499118 1.30450611512 0.0 0.0
26.2500125 1.57079632679 0.0 0.0
26.2500125 0.0 0.0 0.0
26.4843867188 0.0 0.0 0.0
26.478095091 0.269962953953 0.0 0.0
26.5653724377 0.543114793976 0.0 0.0
26.7187609375 0.785398163397 0.0 0.0
26.6280093618 1.1780972451 0.0 0.0
26.4843867188 1.57079632679 0.0 0.0
26.7187609375 0.0 0.0 0.0
26.8095125132 0.392699081699 0.0 0.0
26.9654709542 0.551922657257 0.0 0.0
27.0128507372 0.769707731329 0.0 0.0
26.8766859062 1.0308478063 0.0 0.0
26.9429151762 1.31215920811 0.0 0.0
26.7187609375 1.57079632679 0.0 0.0
26.9531351562 0.0 0.0 0.0
27.0703222656 0.265472325799 0.0 0.0
27.187509375 0.532580423354 0.0 0.0
27.2882290256 0.789653543554 0.0 0.0
27.1649359569 1.05168837507 0.0 0.0
27.1788195146 1.28838120763 0.0 0.0
27.187509375 1.57079632679 0.0 0.0
26.9531351562 1.57079632679 0.0 0.0
27.187509375 0.0 0.0 0.0
27.3439713624 0.227667855877 0.0 0.0
27.4231001175 0.588544661432 0.0 0.0
27.6562578125 0.785398163397 0.0 0.0
27.4585270243 1.00697733144 0.0 0.0
27.415591966 1.30083337284 0.0 0.0
27.4218835937 1.57079632679 0.0 0.0
27.4218835937 0.0 0.0 0.0
27.6562578125 0.0 0.0 0.0
27.5655062368 0.392699081699 0.0 0.0
27.817658304 0.525186102268 0.0 0.0
27.9656579734 0.785100387369 0.0 0.0
27.8976882976 1.00460696062 0.0 0.0
27.7470093882 1.1780972451 0.0 0.0
27.6562578125 1.57079632679 0.0 0.0
27.8906320313 0.249853011699 0.0 0.0
28.1024328319 0.519107951721 0.0 0.0
28.2343003349 0.792693645833 0.0 0.0
28.12500625 1.03821590344 0.0 0.0
28.0086688382 1.30450611512 0.0 0.0
27.8906320313 1.57079632679 0.0 0.0
27.8906320313 0.0 0.0 0.0
28.1051783646 0.216254170468 0.0 0.0
28.3159982607 0.268350069437 0.0 0.0
28.3905052801 0.574001188058 0.0 0.0
28.5937546875 0.785398163397 0.0 0.0
28.4176843787 0.969222741608 0.0 0.0
28.4540884723 1.22114926097 0.0 0.0
28.2491868187 1.35798609731 0.0 0.0
28.12500625 1.57079632679 0.0 0.0
28.12500625 0.0 0.0 0.0
28.6210015903 0.392699081699 0.0 0.0
28.7686135136 0.600235724296 0.0 0.0
28.9473470936 0.845269477812 0.0 0.0
28.6516819264 1.0171157163 0.0 0.0
28.6575640798 1.34258941394 0.0 0.0
28.3593804687 1.57079632679 0.0 0.0
28.7268743887 0.197567486278 0.0 0.0
28.5937546875 0.0 0.0 0.0
28.3593804687 0.0 0.0 0.0
29.0008994306 0.495813549143 0.0 0.0
28.9453160156 0.237173604211 0.0 0.0
28.8281289063 0.0 0.0 0.0
29.101022574 0.68998818516 0.0 0.0
29.2968773438 0.898334561786 0.0 0.0
29.0271530338 1.06162152547 0.0 0.0
28.8281289062 1.1780972451 0.0 0.0
28.9802561475 1.35359350033 0.0 0.0
28.8281289063 1.57079632679 0.0 0.0
28.5937546875 1.57079632679 0.0 0.0
29.2968773438 0.280854291532 0.0 0.0
29.2950574326 0.589594426659 0.0 0.0
29.5069445746 0.742720860214 0.0 0.0
29.6709065796 0.981747704247 0.0 0.0
29.4400208325 1.13676175072 0.0 0.0
29.1796902344 1.23456544429 0.0 0.0
29.062503125 1.57079632679 0.0 0.0
29.062503125 0.0 0.0 0.0
29.5928552569 0.495813549143 0.0 0.0
29.759686854 0.692261960986 0.0 0.0
30.0 0.785398163397 0.0 0.0
30.0 1.1780972451 0.0 0.0
29.7037767286 1.30062016366 0.0 0.0
29.3736605973 1.35549778112 0.0 0.0
29.2968773437 1.57079632679 0.0 0.0
29.2968773437 0.0 0.0 0.0
29.5250633457 0.277910417736 0.0 0.0
30.0 0.392699081699 0.0 0.0
29.753229285 0.273688800722 0.0 0.0
29.5312515625 0.0 0.0 0.0
30.0 0.589048622548 0.0 0.0
30.0 1.57079632679 0.0 0.0
29.7656257813 1.57079632679 0.0 0.0
29.5312515625 1.57079632679 0.0 0.0
30.0 0.0 0.0 0.0
29.7656257813 0.0 0.0 0.0
