0.0001 0.002282852701383093 0.00058798858828375
0.300099 0.0016894619123349035 0.0002860102176481285
0.600098 0.0011125717616263496 9.533300240984324e-05
0.9000969999999999 0.0007958455881839463 3.7342612482627356e-05
1.200096 0.0006154897963309395 1.7949240350464158e-05
1.5000950000000002 0.000481331651240832 8.929663816945809e-06
1.8000939999999999 0.00037046601479901695 4.297178354431714e-06
2.100093 0.0002687738124834104 1.7245874292248496e-06
2.4000920000000003 0.00015264030684506775 5.947211987041894e-07
2.700091 5.777741036509972e-05 1.5092835560190998e-07
3.0000900000000006 2.1769726814212362e-05 4.139445742917839e-08
3.3000890000000003 4.878839396913071e-06 5.822789901361493e-09
3.600088 4.4485508011663863e-07 8.476885861122022e-10
3.9000870000000005 0 0
4.200086 0 0
4.5000849999999994 0 0
4.800084 0 0
5.100083000000001 0 0
5.400081999999999 0 0
5.700081 0 0
6.0000800000000005 0 0
6.300078999999999 0 0
6.600078 0 0
6.9000770000000005 0 0
7.200075999999999 0 0
7.500075 0 0
7.800074 0 0
8.100073 0 0
8.400072 0 0
8.700071 0 0
9.00007 0 0
9.300069 0 0
9.600068 0 0
9.900067 0 0
10.200066000000001 0 0
10.500065000000001 0 0
10.800063999999999 0 0
11.100063 0 0
11.400062 0 0
11.700061 0 0
12.000060000000001 0 0
12.300059000000001 0 0
12.600057999999999 0 0
12.900057 0 0
13.200056 0 0
13.500055 0 0
13.800054000000001 0 0
14.100053 0 0
14.400051999999999 0 0
14.700051 0 0
15.00005 0 0
15.300049 0 0
15.600048000000001 0 0
15.900047 0 0
16.200046 0 0
16.500045 0 0
16.800044 0 0
17.100043000000003 0 0
17.400042 0 0
17.700041 0 0
18.00004 0 0
18.300038999999998 0 0
18.600038 0 0
18.900037 0 0
19.200036 0 0
19.500035 0 0
19.800034 0 0
20.100033 0 0
20.400032000000003 0 0
20.700031000000003 0 0
21.000030000000002 0 0
21.300029 0 0
21.600028 0 0
21.900026999999998 0 0
22.200026 0 0
22.500025 0 0
22.800024 0 0
23.100023 0 0
23.400022 0 0
23.700021 0 0
24.000020000000003 0 0
24.300019000000002 0 0
24.600018000000002 0 0
24.900017000000002 0 0
25.200015999999998 0 0
25.500014999999998 0 0
25.800014 0 0
26.100013 0 0
26.400012 0 0
26.700011 0 0
27.00001 0 0
27.300009 0 0
27.600008000000003 0 0
27.900007000000002 0 0
28.200006000000002 0 0
28.500005 0 0
28.800003999999998 0 0
29.100003 0 0
29.400002 0 0
29.700001 0 0
